time,enrolled,available,waitlisted,total
2022-11-05T20:17:18,0,10,0,10
2022-11-05T20:26:35,0,10,0,10
2022-11-05T20:36:02,0,10,0,10
2022-11-05T20:45:19,0,10,0,10
2022-11-05T20:54:35,0,10,0,10
2022-11-05T21:03:50,0,10,0,10
2022-11-05T21:13:05,0,10,0,10
2022-11-05T21:22:20,0,10,0,10
2022-11-05T21:31:36,0,10,0,10
2022-11-05T21:40:53,0,10,0,10
2022-11-05T21:50:08,0,10,0,10
2022-11-05T21:59:23,0,10,0,10
2022-11-05T22:08:39,0,10,0,10
2022-11-05T22:17:54,0,10,0,10
2022-11-05T22:27:08,0,10,0,10
2022-11-05T22:36:26,0,10,0,10
2022-11-05T22:45:42,0,10,0,10
2022-11-05T22:54:58,0,10,0,10
2022-11-05T23:04:14,0,10,0,10
2022-11-05T23:13:30,0,10,0,10
2022-11-05T23:22:47,0,10,0,10
2022-11-05T23:32:05,0,10,0,10
2022-11-05T23:41:20,0,10,0,10
2022-11-05T23:50:37,0,10,0,10
2022-11-05T23:59:52,0,10,0,10
2022-11-06T00:09:19,0,10,0,10
2022-11-06T00:18:34,0,10,0,10
2022-11-06T00:27:51,0,10,0,10
2022-11-06T00:37:06,0,10,0,10
2022-11-06T00:46:21,0,10,0,10
2022-11-06T00:55:37,0,10,0,10
2022-11-06T01:04:52,0,10,0,10
2022-11-06T01:14:07,0,10,0,10
2022-11-06T01:23:23,0,10,0,10
2022-11-06T01:32:39,0,10,0,10
2022-11-06T01:41:55,0,10,0,10
2022-11-06T01:51:11,0,10,0,10
2022-11-06T01:00:27,0,10,0,10
2022-11-06T01:09:44,0,10,0,10
2022-11-06T01:19:00,0,10,0,10
2022-11-06T01:28:15,0,10,0,10
2022-11-06T01:37:31,0,10,0,10
2022-11-06T01:46:46,0,10,0,10
2022-11-06T01:56:06,0,10,0,10
2022-11-06T02:05:24,0,10,0,10
2022-11-06T02:14:43,0,10,0,10
2022-11-06T02:24:03,0,10,0,10
2022-11-06T02:33:23,0,10,0,10
2022-11-06T02:42:42,0,10,0,10
2022-11-06T02:52:01,0,10,0,10
2022-11-06T03:01:20,0,10,0,10
2022-11-06T03:10:38,0,10,0,10
2022-11-06T03:19:54,0,10,0,10
2022-11-06T03:29:11,0,10,0,10
2022-11-06T03:38:30,0,10,0,10
2022-11-06T03:47:50,0,10,0,10
2022-11-06T03:57:10,0,10,0,10
2022-11-06T04:21:49,0,10,0,10
2022-11-06T04:31:08,0,10,0,10
2022-11-06T04:40:26,0,10,0,10
2022-11-06T04:51:11,0,10,0,10
2022-11-06T05:00:29,0,10,0,10
2022-11-06T05:09:46,0,10,0,10
2022-11-06T05:19:03,0,10,0,10
2022-11-06T05:28:20,0,10,0,10
2022-11-06T05:37:36,0,10,0,10
2022-11-06T05:46:51,0,10,0,10
2022-11-06T05:56:09,0,10,0,10
2022-11-06T06:05:28,0,10,0,10
2022-11-06T06:14:46,0,10,0,10
2022-11-06T06:24:05,0,10,0,10
2022-11-06T06:33:21,0,10,0,10
2022-11-06T06:42:38,0,10,0,10
2022-11-06T06:51:53,0,10,0,10
2022-11-06T07:01:09,0,10,0,10
2022-11-06T07:10:26,0,10,0,10
2022-11-06T07:19:44,0,10,0,10
2022-11-06T07:29:01,0,10,0,10
2022-11-06T07:38:20,0,10,0,10
2022-11-06T07:47:38,0,10,0,10
2022-11-06T07:56:55,0,10,0,10
2022-11-06T08:06:12,0,10,0,10
2022-11-06T08:15:29,0,10,0,10
2022-11-06T08:24:46,0,10,0,10
2022-11-06T08:34:03,0,10,0,10
2022-11-06T08:43:20,0,10,0,10
2022-11-06T08:52:36,0,10,0,10
2022-11-06T09:01:53,0,10,0,10
2022-11-06T09:11:08,0,10,0,10
2022-11-06T09:20:23,0,10,0,10
2022-11-06T09:29:36,0,10,0,10
2022-11-06T09:38:50,0,10,0,10
2022-11-06T09:48:04,0,10,0,10
2022-11-06T09:57:18,0,10,0,10
2022-11-06T10:06:31,0,10,0,10
2022-11-06T10:15:44,0,10,0,10
2022-11-06T10:24:58,0,10,0,10
2022-11-06T10:34:15,0,10,0,10
2022-11-06T10:43:30,0,10,0,10
2022-11-06T10:52:44,0,10,0,10
2022-11-06T11:02:00,0,10,0,10
2022-11-06T11:11:14,0,10,0,10
2022-11-06T11:20:30,0,10,0,10
2022-11-06T11:29:51,0,10,0,10
2022-11-06T11:39:10,0,10,0,10
2022-11-06T11:48:24,0,10,0,10
2022-11-06T11:57:39,0,10,0,10
2022-11-06T12:06:52,0,10,0,10
2022-11-06T12:16:08,0,10,0,10
2022-11-06T12:25:34,0,10,0,10
2022-11-06T12:34:47,0,10,0,10
2022-11-06T12:44:02,0,10,0,10
2022-11-06T12:53:17,0,10,0,10
2022-11-06T13:02:31,0,10,0,10
2022-11-06T13:11:46,0,10,0,10
2022-11-06T13:21:02,0,10,0,10
2022-11-06T13:30:17,0,10,0,10
2022-11-06T13:39:30,0,10,0,10
2022-11-06T13:48:44,0,10,0,10
2022-11-06T13:57:58,0,10,0,10
2022-11-06T14:07:13,0,10,0,10
2022-11-06T14:16:28,0,10,0,10
2022-11-06T14:25:51,0,10,0,10
2022-11-06T14:35:05,0,10,0,10
2022-11-06T14:44:21,0,10,0,10
2022-11-06T14:53:36,0,10,0,10
2022-11-06T15:02:49,0,10,0,10
2022-11-06T15:12:03,0,10,0,10
2022-11-06T15:21:17,0,10,0,10
2022-11-06T15:30:31,0,10,0,10
2022-11-06T15:39:44,0,10,0,10
2022-11-06T15:48:58,0,10,0,10
2022-11-06T15:58:11,0,10,0,10
2022-11-06T16:07:24,0,10,0,10
2022-11-06T16:16:47,0,10,0,10
2022-11-06T16:26:03,0,10,0,10
2022-11-06T16:35:19,0,10,0,10
2022-11-06T16:44:34,0,10,0,10
2022-11-06T16:53:50,0,10,0,10
2022-11-06T17:03:04,0,10,0,10
2022-11-06T17:12:19,0,10,0,10
2022-11-06T17:21:34,0,10,0,10
2022-11-06T17:30:49,0,10,0,10
2022-11-06T17:40:05,0,10,0,10
2022-11-06T17:49:29,0,10,0,10
2022-11-06T17:58:43,0,10,0,10
2022-11-06T18:07:59,0,10,0,10
2022-11-06T18:17:15,0,10,0,10
2022-11-06T18:26:29,0,10,0,10
2022-11-06T18:35:43,0,10,0,10
2022-11-06T18:44:56,0,10,0,10
2022-11-06T18:54:11,0,10,0,10
2022-11-06T19:03:26,0,10,0,10
2022-11-06T19:12:50,0,10,0,10
2022-11-06T19:22:04,0,10,0,10
2022-11-06T19:31:19,0,10,0,10
2022-11-06T19:40:33,0,10,0,10
2022-11-06T19:49:46,0,10,0,10
2022-11-06T19:59:00,0,10,0,10
2022-11-06T20:08:14,0,10,0,10
2022-11-06T20:17:28,0,10,0,10
2022-11-06T20:26:44,0,10,0,10
2022-11-06T20:36:06,0,10,0,10
2022-11-06T20:45:20,0,10,0,10
2022-11-06T20:54:34,0,10,0,10
2022-11-06T21:03:49,0,10,0,10
2022-11-06T21:13:03,0,10,0,10
2022-11-06T21:22:15,0,10,0,10
2022-11-06T21:31:28,0,10,0,10
2022-11-06T21:40:43,0,10,0,10
2022-11-06T21:49:58,0,10,0,10
2022-11-06T21:59:22,0,10,0,10
2022-11-06T22:08:37,0,10,0,10
2022-11-06T22:17:53,0,10,0,10
2022-11-06T22:27:07,0,10,0,10
2022-11-06T22:36:23,0,10,0,10
2022-11-06T22:45:37,0,10,0,10
2022-11-06T22:54:51,0,10,0,10
2022-11-06T23:04:07,0,10,0,10
2022-11-06T23:13:33,0,10,0,10
2022-11-06T23:22:48,0,10,0,10
2022-11-06T23:32:04,0,10,0,10
2022-11-06T23:41:20,0,10,0,10
2022-11-06T23:50:35,0,10,0,10
2022-11-06T23:59:51,0,10,0,10
2022-11-07T00:10:56,0,10,0,10
2022-11-07T00:20:13,0,10,0,10
2022-11-07T00:29:41,0,10,0,10
2022-11-07T00:38:58,0,10,0,10
2022-11-07T00:48:12,0,10,0,10
2022-11-07T00:57:27,0,10,0,10
2022-11-07T01:06:43,0,10,0,10
2022-11-07T01:16:03,0,10,0,10
2022-11-07T01:25:19,0,10,0,10
2022-11-07T01:34:34,0,10,0,10
2022-11-07T01:43:58,0,10,0,10
2022-11-07T01:53:13,0,10,0,10
2022-11-07T02:02:28,0,10,0,10
2022-11-07T02:11:42,0,10,0,10
2022-11-07T02:20:57,0,10,0,10
2022-11-07T02:30:11,0,10,0,10
2022-11-07T02:39:26,0,10,0,10
2022-11-07T02:48:40,0,10,0,10
2022-11-07T02:57:54,0,10,0,10
2022-11-07T03:07:09,0,10,0,10
2022-11-07T03:16:24,0,10,0,10
2022-11-07T03:25:38,0,10,0,10
2022-11-07T03:34:55,0,10,0,10
2022-11-07T03:44:11,0,10,0,10
2022-11-07T03:53:26,0,10,0,10
2022-11-07T04:02:44,0,10,0,10
2022-11-07T04:12:01,0,10,0,10
2022-11-07T04:29:34,0,10,0,10
2022-11-07T04:38:50,0,10,0,10
2022-11-07T04:48:08,0,10,0,10
2022-11-07T04:57:23,0,10,0,10
2022-11-07T05:06:38,0,10,0,10
2022-11-07T05:15:53,0,10,0,10
2022-11-07T05:25:06,0,10,0,10
2022-11-07T05:34:20,0,10,0,10
2022-11-07T05:43:35,0,10,0,10
2022-11-07T05:52:50,0,10,0,10
2022-11-07T06:02:07,0,10,0,10
2022-11-07T06:11:24,0,10,0,10
2022-11-07T06:20:41,0,10,0,10
2022-11-07T06:29:59,0,10,0,10
2022-11-07T06:39:16,0,10,0,10
2022-11-07T06:48:32,0,10,0,10
2022-11-07T06:57:48,0,10,0,10
2022-11-07T07:07:05,0,10,0,10
2022-11-07T07:16:22,0,10,0,10
2022-11-07T07:25:40,0,10,0,10
2022-11-07T07:34:57,0,10,0,10
2022-11-07T07:44:14,0,10,0,10
2022-11-07T07:53:35,0,10,0,10
2022-11-07T08:02:54,0,10,0,10
2022-11-07T08:12:13,0,10,0,10
2022-11-07T08:21:30,0,10,0,10
2022-11-07T08:30:59,0,10,0,10
2022-11-07T08:40:18,0,10,0,10
2022-11-07T08:49:34,0,10,0,10
2022-11-07T08:58:52,0,10,0,10
2022-11-07T09:08:10,0,10,0,10
2022-11-07T09:17:33,0,10,0,10
2022-11-07T09:26:52,0,10,0,10
2022-11-07T09:36:12,0,10,0,10
2022-11-07T09:45:48,0,10,0,10
2022-11-07T09:55:07,0,10,0,10
2022-11-07T10:04:26,0,10,0,10
2022-11-07T10:13:45,0,10,0,10
2022-11-07T10:23:04,0,10,0,10
2022-11-07T10:32:25,0,10,0,10
2022-11-07T10:41:56,0,10,0,10
2022-11-07T10:51:15,0,10,0,10
2022-11-07T11:00:34,0,10,0,10
2022-11-07T11:09:55,0,10,0,10
2022-11-07T11:19:16,0,10,0,10
2022-11-07T11:28:47,0,10,0,10
2022-11-07T11:38:07,0,10,0,10
2022-11-07T11:47:27,0,10,0,10
2022-11-07T11:56:44,0,10,0,10
2022-11-07T12:06:03,0,10,0,10
2022-11-07T12:15:33,0,10,0,10
2022-11-07T12:24:53,0,10,0,10
2022-11-07T12:34:12,0,10,0,10
2022-11-07T12:43:42,0,10,0,10
2022-11-07T12:53:02,0,10,0,10
2022-11-07T13:02:23,0,10,0,10
2022-11-07T13:11:44,0,10,0,10
2022-11-07T13:21:14,0,10,0,10
2022-11-07T13:30:36,0,10,0,10
2022-11-07T13:39:56,0,10,0,10
2022-11-07T13:49:18,0,10,0,10
2022-11-07T13:58:48,0,10,0,10
2022-11-07T14:08:08,0,10,0,10
2022-11-07T14:17:28,0,10,0,10
2022-11-07T14:26:58,0,10,0,10
2022-11-07T14:36:18,0,10,0,10
2022-11-07T14:45:37,0,10,0,10
2022-11-07T14:54:56,0,10,0,10
2022-11-07T15:04:15,0,10,0,10
2022-11-07T15:13:34,0,10,0,10
2022-11-07T15:23:05,0,10,0,10
2022-11-07T15:32:24,0,10,0,10
2022-11-07T15:41:42,0,10,0,10
2022-11-07T15:51:00,0,10,0,10
2022-11-07T16:00:28,0,10,0,10
2022-11-07T16:09:47,0,10,0,10
2022-11-07T16:19:05,0,10,0,10
2022-11-07T16:28:23,0,10,0,10
2022-11-07T16:37:51,0,10,0,10
2022-11-07T16:47:10,0,10,0,10
2022-11-07T16:56:27,0,10,0,10
2022-11-07T17:05:46,0,10,0,10
2022-11-07T17:15:10,0,10,0,10
2022-11-07T17:24:38,0,10,0,10
2022-11-07T17:33:56,0,10,0,10
2022-11-07T17:43:14,0,10,0,10
2022-11-07T17:52:31,0,10,0,10
2022-11-07T18:02:03,0,10,0,10
2022-11-07T18:11:20,0,10,0,10
2022-11-07T18:20:37,0,10,0,10
2022-11-07T18:29:55,0,10,0,10
2022-11-07T18:39:22,0,10,0,10
2022-11-07T18:48:38,0,10,0,10
2022-11-07T18:57:56,0,10,0,10
2022-11-07T19:07:14,0,10,0,10
2022-11-07T19:16:40,0,10,0,10
2022-11-07T19:25:59,0,10,0,10
2022-11-07T19:35:17,0,10,0,10
2022-11-07T19:44:36,0,10,0,10
2022-11-07T19:53:54,0,10,0,10
2022-11-07T20:03:11,0,10,0,10
2022-11-07T20:12:41,0,10,0,10
2022-11-07T20:21:58,0,10,0,10
2022-11-07T20:31:15,0,10,0,10
2022-11-07T20:40:32,0,10,0,10
2022-11-07T20:49:51,0,10,0,10
2022-11-07T20:59:19,0,10,0,10
2022-11-07T21:08:37,0,10,0,10
2022-11-07T21:17:52,0,10,0,10
2022-11-07T21:27:10,0,10,0,10
2022-11-07T21:36:27,0,10,0,10
2022-11-07T21:45:42,0,10,0,10
2022-11-07T21:54:58,0,10,0,10
2022-11-07T22:04:25,0,10,0,10
2022-11-07T22:13:42,0,10,0,10
2022-11-07T22:22:59,0,10,0,10
2022-11-07T22:32:15,0,10,0,10
2022-11-07T22:41:31,0,10,0,10
2022-11-07T22:50:46,0,10,0,10
2022-11-07T23:00:14,0,10,0,10
2022-11-07T23:09:30,0,10,0,10
2022-11-07T23:18:46,0,10,0,10
2022-11-07T23:28:02,0,10,0,10
2022-11-07T23:37:17,0,10,0,10
2022-11-07T23:46:33,0,10,0,10
2022-11-07T23:55:49,0,10,0,10
2022-11-08T00:05:05,0,10,0,10
2022-11-08T00:14:36,0,10,0,10
2022-11-08T00:23:55,0,10,0,10
2022-11-08T00:33:12,0,10,0,10
2022-11-08T00:42:29,0,10,0,10
2022-11-08T00:51:46,0,10,0,10
2022-11-08T01:01:03,0,10,0,10
2022-11-08T01:10:22,0,10,0,10
2022-11-08T01:19:39,0,10,0,10
2022-11-08T01:28:57,0,10,0,10
2022-11-08T01:38:15,0,10,0,10
2022-11-08T01:47:43,0,10,0,10
2022-11-08T01:57:01,0,10,0,10
2022-11-08T02:06:18,0,10,0,10
2022-11-08T02:15:34,0,10,0,10
2022-11-08T02:24:50,0,10,0,10
2022-11-08T02:34:07,0,10,0,10
2022-11-08T02:43:25,0,10,0,10
2022-11-08T02:52:43,0,10,0,10
2022-11-08T03:02:00,0,10,0,10
2022-11-08T03:11:18,0,10,0,10
2022-11-08T03:20:33,0,10,0,10
2022-11-08T03:29:47,0,10,0,10
2022-11-08T03:39:15,0,10,0,10
2022-11-08T03:48:31,0,10,0,10
2022-11-08T03:57:48,0,10,0,10
2022-11-08T04:24:42,0,10,0,10
2022-11-08T04:34:03,0,10,0,10
2022-11-08T04:43:21,0,10,0,10
2022-11-08T04:52:40,0,10,0,10
2022-11-08T05:01:58,0,10,0,10
2022-11-08T05:11:14,0,10,0,10
2022-11-08T05:20:30,0,10,0,10
2022-11-08T05:29:48,0,10,0,10
2022-11-08T05:39:05,0,10,0,10
2022-11-08T05:48:23,0,10,0,10
2022-11-08T05:57:44,0,10,0,10
2022-11-08T06:07:01,0,10,0,10
2022-11-08T06:16:17,0,10,0,10
2022-11-08T06:25:34,0,10,0,10
2022-11-08T06:34:50,0,10,0,10
2022-11-08T06:44:08,0,10,0,10
2022-11-08T06:53:25,0,10,0,10
2022-11-08T07:02:53,0,10,0,10
2022-11-08T07:12:11,0,10,0,10
2022-11-08T07:21:30,0,10,0,10
2022-11-08T07:30:49,0,10,0,10
2022-11-08T07:40:08,0,10,0,10
2022-11-08T07:49:26,0,10,0,10
2022-11-08T07:58:46,0,10,0,10
2022-11-08T08:08:05,0,10,0,10
2022-11-08T08:17:24,0,10,0,10
2022-11-08T08:26:42,0,10,0,10
2022-11-08T08:36:01,0,10,0,10
2022-11-08T08:45:20,0,10,0,10
2022-11-08T08:54:38,0,10,0,10
2022-11-08T09:03:58,0,10,0,10
2022-11-08T09:59:06,0,10,0,10
2022-11-08T10:17:28,0,10,0,10
2022-11-08T10:26:48,0,10,0,10
2022-11-08T10:35:58,0,10,0,10
2022-11-08T10:45:07,0,10,0,10
2022-11-08T10:54:17,0,10,0,10
2022-11-08T11:03:38,0,10,0,10
2022-11-08T11:12:48,0,10,0,10
2022-11-08T11:21:59,0,10,0,10
2022-11-08T11:31:10,0,10,0,10
2022-11-08T11:40:32,0,10,0,10
2022-11-08T11:49:42,0,10,0,10
2022-11-08T11:58:52,0,10,0,10
2022-11-08T12:08:01,0,10,0,10
2022-11-08T12:17:10,0,10,0,10
2022-11-08T12:26:30,0,10,0,10
2022-11-08T12:35:42,0,10,0,10
2022-11-08T12:44:52,0,10,0,10
2022-11-08T12:54:01,0,10,0,10
2022-11-08T13:03:23,0,10,0,10
2022-11-08T13:12:36,0,10,0,10
2022-11-08T13:21:48,0,10,0,10
2022-11-08T13:30:59,0,10,0,10
2022-11-08T13:40:21,0,10,0,10
2022-11-08T13:49:33,0,10,0,10
2022-11-08T13:58:46,0,10,0,10
2022-11-08T14:07:59,0,10,0,10
2022-11-08T14:17:26,0,10,0,10
2022-11-08T14:26:38,0,10,0,10
2022-11-08T14:35:48,0,10,0,10
2022-11-08T14:44:58,0,10,0,10
2022-11-08T14:54:21,0,10,0,10
2022-11-08T15:03:31,0,10,0,10
2022-11-08T15:12:42,0,10,0,10
2022-11-08T15:21:53,0,10,0,10
2022-11-08T15:36:15,0,10,0,10
2022-11-08T15:45:27,0,10,0,10
2022-11-08T15:54:39,0,10,0,10
2022-11-08T16:03:55,0,10,0,10
2022-11-08T16:13:23,0,10,0,10
2022-11-08T16:22:32,0,10,0,10
2022-11-08T16:31:42,0,10,0,10
2022-11-08T16:40:50,0,10,0,10
2022-11-08T16:49:58,0,10,0,10
2022-11-08T16:59:18,0,10,0,10
2022-11-08T17:08:28,0,10,0,10
2022-11-08T17:17:37,0,10,0,10
2022-11-08T17:26:46,0,10,0,10
2022-11-08T17:36:06,0,10,0,10
2022-11-08T17:45:14,0,10,0,10
2022-11-08T17:54:23,0,10,0,10
2022-11-08T18:03:35,0,10,0,10
2022-11-08T18:12:56,0,10,0,10
2022-11-08T18:22:06,0,10,0,10
2022-11-08T18:31:16,0,10,0,10
2022-11-08T18:40:24,0,10,0,10
2022-11-08T18:49:33,0,10,0,10
2022-11-08T18:58:52,0,10,0,10
2022-11-08T19:08:00,0,10,0,10
2022-11-08T19:17:07,0,10,0,10
2022-11-08T19:26:14,0,10,0,10
2022-11-08T19:35:23,0,10,0,10
2022-11-08T19:44:42,0,10,0,10
2022-11-08T19:53:49,0,10,0,10
2022-11-08T20:02:58,0,10,0,10
2022-11-08T20:12:08,0,10,0,10
2022-11-08T20:21:17,0,10,0,10
2022-11-08T20:30:26,0,10,0,10
2022-11-08T20:39:43,0,10,0,10
2022-11-08T20:48:50,0,10,0,10
2022-11-08T20:57:57,0,10,0,10
2022-11-08T21:07:05,0,10,0,10
2022-11-08T21:16:12,0,10,0,10
2022-11-08T21:25:19,0,10,0,10
2022-11-08T21:34:36,0,10,0,10
2022-11-08T21:43:42,0,10,0,10
2022-11-08T21:52:48,0,10,0,10
2022-11-08T22:01:54,0,10,0,10
2022-11-08T22:11:00,0,10,0,10
2022-11-08T22:20:07,0,10,0,10
2022-11-08T22:29:23,0,10,0,10
2022-11-08T22:38:29,0,10,0,10
2022-11-08T22:47:35,0,10,0,10
2022-11-08T22:56:40,0,10,0,10
2022-11-08T23:05:47,0,10,0,10
2022-11-08T23:14:53,0,10,0,10
2022-11-08T23:23:59,0,10,0,10
2022-11-08T23:33:17,0,10,0,10
2022-11-08T23:42:23,0,10,0,10
2022-11-08T23:51:29,0,10,0,10
2022-11-09T00:00:35,0,10,0,10
2022-11-09T00:09:42,0,10,0,10
2022-11-09T00:18:50,0,10,0,10
2022-11-09T00:27:56,0,10,0,10
2022-11-09T00:37:16,0,10,0,10
2022-11-09T00:46:24,0,10,0,10
2022-11-09T00:55:31,0,10,0,10
2022-11-09T01:04:39,0,10,0,10
2022-11-09T01:13:46,0,10,0,10
2022-11-09T01:22:54,0,10,0,10
2022-11-09T01:32:02,0,10,0,10
2022-11-09T01:41:10,0,10,0,10
2022-11-09T01:50:17,0,10,0,10
2022-11-09T01:59:23,0,10,0,10
2022-11-09T02:08:31,0,10,0,10
2022-11-09T02:17:43,0,10,0,10
2022-11-09T02:26:50,0,10,0,10
2022-11-09T02:36:09,0,10,0,10
2022-11-09T02:45:16,0,10,0,10
2022-11-09T02:54:22,0,10,0,10
2022-11-09T03:03:29,0,10,0,10
2022-11-09T03:12:35,0,10,0,10
2022-11-09T03:21:42,0,10,0,10
2022-11-09T03:30:48,0,10,0,10
2022-11-09T03:39:56,0,10,0,10
2022-11-09T03:49:06,0,10,0,10
2022-11-09T03:58:14,0,10,0,10
2022-11-09T04:07:23,0,10,0,10
2022-11-09T04:28:03,0,10,0,10
2022-11-09T04:37:13,0,10,0,10
2022-11-09T04:46:21,0,10,0,10
2022-11-09T04:55:29,0,10,0,10
2022-11-09T05:04:34,0,10,0,10
2022-11-09T05:13:40,0,10,0,10
2022-11-09T05:22:45,0,10,0,10
2022-11-09T05:31:53,0,10,0,10
2022-11-09T05:41:01,0,10,0,10
2022-11-09T05:50:10,0,10,0,10
2022-11-09T05:59:19,0,10,0,10
2022-11-09T06:08:29,0,10,0,10
2022-11-09T06:17:37,0,10,0,10
2022-11-09T06:26:44,0,10,0,10
2022-11-09T06:35:52,0,10,0,10
2022-11-09T06:44:59,0,10,0,10
2022-11-09T06:54:05,0,10,0,10
2022-11-09T07:03:18,0,10,0,10
2022-11-09T07:12:26,0,10,0,10
2022-11-09T07:21:33,0,10,0,10
2022-11-09T07:30:42,0,10,0,10
2022-11-09T07:39:51,0,10,0,10
2022-11-09T07:49:00,0,10,0,10
2022-11-09T07:58:09,0,10,0,10
2022-11-09T08:07:18,0,10,0,10
2022-11-09T08:16:27,0,10,0,10
2022-11-09T08:25:37,0,10,0,10
2022-11-09T08:34:59,0,10,0,10
2022-11-09T08:44:09,0,10,0,10
2022-11-09T08:53:19,0,10,0,10
2022-11-09T09:02:30,0,10,0,10
2022-11-09T09:11:41,0,10,0,10
2022-11-09T09:20:52,0,10,0,10
2022-11-09T09:30:02,0,10,0,10
2022-11-09T09:39:24,0,10,0,10
2022-11-09T09:48:36,0,10,0,10
2022-11-09T09:57:48,0,10,0,10
2022-11-09T10:07:04,0,10,0,10
2022-11-09T10:16:18,0,10,0,10
2022-11-09T10:25:46,0,10,0,10
2022-11-09T10:35:00,0,10,0,10
2022-11-09T10:44:22,0,10,0,10
2022-11-09T10:53:36,0,10,0,10
2022-11-09T11:02:58,0,10,0,10
2022-11-09T11:12:09,0,10,0,10
2022-11-09T11:21:22,0,10,0,10
2022-11-09T11:30:35,0,10,0,10
2022-11-09T11:39:57,0,10,0,10
2022-11-09T11:49:11,0,10,0,10
2022-11-09T11:58:24,0,10,0,10
2022-11-09T12:07:39,0,10,0,10
2022-11-09T12:17:01,0,10,0,10
2022-11-09T12:26:12,0,10,0,10
2022-11-09T12:35:24,0,10,0,10
2022-11-09T12:44:36,0,10,0,10
2022-11-09T12:53:47,0,10,0,10
2022-11-09T13:03:09,0,10,0,10
2022-11-09T13:12:22,0,10,0,10
2022-11-09T13:21:35,0,10,0,10
2022-11-09T13:30:50,0,10,0,10
2022-11-09T13:40:13,0,10,0,10
2022-11-09T13:49:25,0,10,0,10
2022-11-09T13:58:38,0,10,0,10
2022-11-09T14:07:54,0,10,0,10
2022-11-09T14:17:21,0,10,0,10
2022-11-09T14:26:34,0,10,0,10
2022-11-09T14:35:48,0,10,0,10
2022-11-09T14:45:01,0,10,0,10
2022-11-09T14:54:25,0,10,0,10
2022-11-09T15:03:41,0,10,0,10
2022-11-09T15:12:54,0,10,0,10
2022-11-09T15:22:06,0,10,0,10
2022-11-09T15:31:30,0,10,0,10
2022-11-09T15:40:43,0,10,0,10
2022-11-09T15:49:55,0,10,0,10
2022-11-09T15:59:07,0,10,0,10
2022-11-09T16:08:34,0,10,0,10
2022-11-09T16:17:46,0,10,0,10
2022-11-09T16:26:57,0,10,0,10
2022-11-09T16:36:12,0,10,0,10
2022-11-09T16:45:36,0,10,0,10
2022-11-09T16:54:47,0,10,0,10
2022-11-09T17:04:00,0,10,0,10
2022-11-09T17:13:13,0,10,0,10
2022-11-09T17:22:37,0,10,0,10
2022-11-09T17:31:49,0,10,0,10
2022-11-09T17:41:00,0,10,0,10
2022-11-09T17:50:11,0,10,0,10
2022-11-09T17:59:33,0,10,0,10
2022-11-09T18:08:49,0,10,0,10
2022-11-09T18:18:00,0,10,0,10
2022-11-09T18:27:11,0,10,0,10
2022-11-09T18:36:21,0,10,0,10
2022-11-09T18:45:43,0,10,0,10
2022-11-09T18:54:52,0,10,0,10
2022-11-09T19:04:03,0,10,0,10
2022-11-09T19:13:14,0,10,0,10
2022-11-09T19:22:25,0,10,0,10
2022-11-09T19:31:35,0,10,0,10
2022-11-09T19:40:56,0,10,0,10
2022-11-09T19:50:05,0,10,0,10
2022-11-09T19:59:15,0,10,0,10
2022-11-09T20:08:24,0,10,0,10
2022-11-09T20:17:33,0,10,0,10
2022-11-09T20:26:54,0,10,0,10
2022-11-09T20:36:03,0,10,0,10
2022-11-09T20:45:14,0,10,0,10
2022-11-09T20:54:23,0,10,0,10
2022-11-09T21:03:32,0,10,0,10
2022-11-09T21:12:53,0,10,0,10
2022-11-09T21:22:01,0,10,0,10
2022-11-09T21:31:10,0,10,0,10
2022-11-09T21:40:19,0,10,0,10
2022-11-09T21:49:29,0,10,0,10
2022-11-09T21:58:37,0,10,0,10
2022-11-09T22:07:57,0,10,0,10
2022-11-09T22:17:07,0,10,0,10
2022-11-09T22:26:15,0,10,0,10
2022-11-09T22:35:24,0,10,0,10
2022-11-09T22:44:32,0,10,0,10
2022-11-09T22:53:40,0,10,0,10
2022-11-09T23:03:00,0,10,0,10
2022-11-09T23:12:09,0,10,0,10
2022-11-09T23:21:17,0,10,0,10
2022-11-09T23:30:25,0,10,0,10
2022-11-09T23:39:34,0,10,0,10
2022-11-09T23:48:42,0,10,0,10
2022-11-09T23:57:50,0,10,0,10
2022-11-10T00:07:11,0,10,0,10
2022-11-10T00:16:30,0,10,0,10
2022-11-10T00:25:40,0,10,0,10
2022-11-10T00:34:50,0,10,0,10
2022-11-10T00:44:02,0,10,0,10
2022-11-10T00:53:14,0,10,0,10
2022-11-10T01:02:24,0,10,0,10
2022-11-10T01:11:32,0,10,0,10
2022-11-10T01:20:54,0,10,0,10
2022-11-10T01:30:04,0,10,0,10
2022-11-10T01:39:14,0,10,0,10
2022-11-10T01:48:23,0,10,0,10
2022-11-10T01:57:32,0,10,0,10
2022-11-10T02:06:41,0,10,0,10
2022-11-10T02:15:49,0,10,0,10
2022-11-10T02:24:56,0,10,0,10
2022-11-10T02:34:07,0,10,0,10
2022-11-10T02:43:16,0,10,0,10
2022-11-10T02:52:24,0,10,0,10
2022-11-10T03:01:32,0,10,0,10
2022-11-10T03:10:39,0,10,0,10
2022-11-10T03:19:46,0,10,0,10
2022-11-10T03:28:52,0,10,0,10
2022-11-10T03:38:01,0,10,0,10
2022-11-10T03:47:09,0,10,0,10
2022-11-10T03:56:17,0,10,0,10
2022-11-10T04:05:25,0,10,0,10
2022-11-10T04:28:57,0,10,0,10
2022-11-10T04:38:07,0,10,0,10
2022-11-10T04:47:19,0,10,0,10
2022-11-10T04:56:28,0,10,0,10
2022-11-10T05:05:37,0,10,0,10
2022-11-10T05:14:44,0,10,0,10
2022-11-10T05:23:53,0,10,0,10
2022-11-10T05:33:02,0,10,0,10
2022-11-10T05:42:10,0,10,0,10
2022-11-10T05:51:18,0,10,0,10
2022-11-10T06:00:26,0,10,0,10
2022-11-10T06:09:34,0,10,0,10
2022-11-10T06:18:44,0,10,0,10
2022-11-10T06:27:51,0,10,0,10
2022-11-10T06:36:58,0,10,0,10
2022-11-10T06:46:05,0,10,0,10
2022-11-10T06:55:11,0,10,0,10
2022-11-10T07:04:25,0,10,0,10
2022-11-10T07:13:34,0,10,0,10
2022-11-10T07:22:42,0,10,0,10
2022-11-10T07:31:51,0,10,0,10
2022-11-10T07:40:59,0,10,0,10
2022-11-10T07:50:06,0,10,0,10
2022-11-10T07:59:15,0,10,0,10
2022-11-10T08:08:24,0,10,0,10
2022-11-10T08:17:32,0,10,0,10
2022-11-10T08:26:41,0,10,0,10
2022-11-10T08:35:49,0,10,0,10
2022-11-10T08:45:06,0,10,0,10
2022-11-10T08:54:14,0,10,0,10
2022-11-10T09:03:23,0,10,0,10
2022-11-10T09:12:33,0,10,0,10
2022-11-10T09:21:43,0,10,0,10
2022-11-10T09:30:53,0,10,0,10
2022-11-10T09:40:04,0,10,0,10
2022-11-10T09:49:15,0,10,0,10
2022-11-10T09:58:36,0,10,0,10
2022-11-10T10:07:49,0,10,0,10
2022-11-10T10:17:00,0,10,0,10
2022-11-10T10:26:11,0,10,0,10
2022-11-10T10:35:23,0,10,0,10
2022-11-10T10:44:45,0,10,0,10
2022-11-10T10:53:57,0,10,0,10
2022-11-10T11:03:12,0,10,0,10
2022-11-10T11:12:25,0,10,0,10
2022-11-10T11:21:37,0,10,0,10
2022-11-10T11:30:58,0,10,0,10
2022-11-10T11:40:11,0,10,0,10
2022-11-10T11:49:23,0,10,0,10
2022-11-10T11:58:35,0,10,0,10
2022-11-10T12:07:57,0,10,0,10
2022-11-10T12:17:09,0,10,0,10
2022-11-10T12:26:20,0,10,0,10
2022-11-10T12:35:42,0,10,0,10
2022-11-10T12:44:55,0,10,0,10
2022-11-10T12:54:06,0,10,0,10
2022-11-10T13:03:17,0,10,0,10
2022-11-10T13:12:41,0,10,0,10
2022-11-10T13:21:53,0,10,0,10
2022-11-10T13:31:06,0,10,0,10
2022-11-10T13:40:29,0,10,0,10
2022-11-10T13:49:40,0,10,0,10
2022-11-10T13:58:53,0,10,0,10
2022-11-10T14:08:11,0,10,0,10
2022-11-10T14:17:34,0,10,0,10
2022-11-10T14:26:48,0,10,0,10
2022-11-10T14:36:01,0,10,0,10
2022-11-10T14:45:25,0,10,0,10
2022-11-10T14:54:37,0,10,0,10
2022-11-10T15:03:50,0,10,0,10
2022-11-10T15:13:14,0,10,0,10
2022-11-10T15:22:25,0,10,0,10
2022-11-10T15:31:39,0,10,0,10
2022-11-10T15:40:52,0,10,0,10
2022-11-10T15:50:14,0,10,0,10
2022-11-10T15:59:25,0,10,0,10
2022-11-10T16:08:38,0,10,0,10
2022-11-10T16:17:59,0,10,0,10
2022-11-10T16:27:10,0,10,0,10
2022-11-10T16:36:23,0,10,0,10
2022-11-10T16:45:44,0,10,0,10
2022-11-10T16:54:55,0,10,0,10
2022-11-10T17:04:06,0,10,0,10
2022-11-10T17:13:16,0,10,0,10
2022-11-10T17:22:26,0,10,0,10
2022-11-10T17:31:50,0,10,0,10
2022-11-10T17:41:00,0,10,0,10
2022-11-10T17:50:10,0,10,0,10
2022-11-10T17:59:20,0,10,0,10
2022-11-10T18:08:33,0,10,0,10
2022-11-10T18:17:58,0,10,0,10
2022-11-10T18:27:11,0,10,0,10
2022-11-10T18:36:22,0,10,0,10
2022-11-10T18:45:33,0,10,0,10
2022-11-10T18:54:44,0,10,0,10
2022-11-10T19:04:06,0,10,0,10
2022-11-10T19:13:17,0,10,0,10
2022-11-10T19:22:28,0,10,0,10
2022-11-10T19:31:39,0,10,0,10
2022-11-10T19:40:49,0,10,0,10
2022-11-10T19:50:12,0,10,0,10
2022-11-10T19:59:23,0,10,0,10
2022-11-10T20:08:33,0,10,0,10
2022-11-10T20:17:43,0,10,0,10
2022-11-10T20:26:55,0,10,0,10
2022-11-10T20:36:20,0,10,0,10
2022-11-10T20:45:35,0,10,0,10
2022-11-10T20:54:50,0,10,0,10
2022-11-10T21:04:04,0,10,0,10
2022-11-10T21:13:17,0,10,0,10
2022-11-10T21:22:30,0,10,0,10
2022-11-10T21:31:55,0,10,0,10
2022-11-10T21:41:08,0,10,0,10
2022-11-10T21:50:22,0,10,0,10
2022-11-10T21:59:32,0,10,0,10
2022-11-10T22:08:52,0,10,0,10
2022-11-10T22:18:02,0,10,0,10
2022-11-10T22:27:08,0,10,0,10
2022-11-10T22:36:14,0,10,0,10
2022-11-10T22:45:19,0,10,0,10
2022-11-10T22:54:25,0,10,0,10
2022-11-10T23:03:31,0,10,0,10
2022-11-10T23:12:48,0,10,0,10
2022-11-10T23:21:54,0,10,0,10
2022-11-10T23:31:00,0,10,0,10
2022-11-10T23:40:06,0,10,0,10
2022-11-10T23:49:11,0,10,0,10
2022-11-10T23:58:16,0,10,0,10
2022-11-11T00:07:23,0,10,0,10
2022-11-11T00:16:34,0,10,0,10
2022-11-11T00:25:42,0,10,0,10
2022-11-11T00:35:01,0,10,0,10
2022-11-11T00:44:09,0,10,0,10
2022-11-11T00:53:18,0,10,0,10
2022-11-11T01:02:25,0,10,0,10
2022-11-11T01:11:32,0,10,0,10
2022-11-11T01:20:39,0,10,0,10
2022-11-11T01:29:47,0,10,0,10
2022-11-11T01:38:54,0,10,0,10
2022-11-11T01:48:01,0,10,0,10
2022-11-11T01:57:09,0,10,0,10
2022-11-11T02:06:15,0,10,0,10
2022-11-11T02:15:20,0,10,0,10
2022-11-11T02:24:25,0,10,0,10
2022-11-11T02:33:29,0,10,0,10
2022-11-11T02:42:34,0,10,0,10
2022-11-11T02:51:39,0,10,0,10
2022-11-11T03:00:44,0,10,0,10
2022-11-11T03:09:49,0,10,0,10
2022-11-11T03:18:54,0,10,0,10
2022-11-11T03:27:59,0,10,0,10
2022-11-11T03:37:05,0,10,0,10
2022-11-11T03:46:12,0,10,0,10
2022-11-11T03:55:24,0,10,0,10
2022-11-11T04:04:33,0,10,0,10
2022-11-11T04:24:41,0,10,0,10
2022-11-11T04:33:50,0,10,0,10
2022-11-11T04:42:58,0,10,0,10
2022-11-11T04:53:31,0,10,0,10
2022-11-11T05:02:59,0,10,0,10
2022-11-11T05:12:08,0,10,0,10
2022-11-11T05:22:11,0,10,0,10
2022-11-11T05:32:30,0,10,0,10
2022-11-11T05:42:25,0,10,0,10
2022-11-11T05:51:33,0,10,0,10
2022-11-11T06:00:42,0,10,0,10
2022-11-11T06:09:53,0,10,0,10
2022-11-11T06:19:03,0,10,0,10
2022-11-11T06:28:13,0,10,0,10
2022-11-11T06:37:22,0,10,0,10
2022-11-11T06:46:31,0,10,0,10
2022-11-11T06:55:40,0,10,0,10
2022-11-11T07:04:52,0,10,0,10
2022-11-11T07:14:01,0,10,0,10
2022-11-11T07:23:13,0,10,0,10
2022-11-11T07:32:23,0,10,0,10
2022-11-11T07:41:33,0,10,0,10
2022-11-11T07:50:46,0,10,0,10
2022-11-11T07:59:55,0,10,0,10
2022-11-11T08:09:03,0,10,0,10
2022-11-11T08:18:12,0,10,0,10
2022-11-11T08:27:21,0,10,0,10
2022-11-11T08:36:31,0,10,0,10
2022-11-11T08:45:39,0,10,0,10
2022-11-11T08:54:47,0,10,0,10
2022-11-11T09:03:56,0,10,0,10
2022-11-11T09:13:06,0,10,0,10
2022-11-11T09:22:32,0,10,0,10
2022-11-11T09:31:40,0,10,0,10
2022-11-11T09:45:48,0,10,0,10
2022-11-11T09:54:57,0,10,0,10
2022-11-11T10:04:05,0,10,0,10
2022-11-11T10:13:14,0,10,0,10
2022-11-11T10:22:23,0,10,0,10
2022-11-11T10:31:31,0,10,0,10
2022-11-11T10:40:40,0,10,0,10
2022-11-11T10:49:57,0,10,0,10
2022-11-11T10:59:06,0,10,0,10
2022-11-11T11:08:15,0,10,0,10
2022-11-11T11:17:24,0,10,0,10
2022-11-11T11:26:33,0,10,0,10
2022-11-11T11:36:00,0,10,0,10
2022-11-11T11:45:10,0,10,0,10
2022-11-11T11:54:18,0,10,0,10
2022-11-11T12:03:29,0,10,0,10
2022-11-11T12:12:39,0,10,0,10
2022-11-11T12:21:48,0,10,0,10
2022-11-11T12:30:59,0,10,0,10
2022-11-11T12:40:18,0,10,0,10
2022-11-11T12:49:25,0,10,0,10
2022-11-11T12:58:34,0,10,0,10
2022-11-11T13:07:44,0,10,0,10
2022-11-11T13:16:53,0,10,0,10
2022-11-11T13:26:12,0,10,0,10
2022-11-11T13:35:21,0,10,0,10
2022-11-11T13:44:30,0,10,0,10
2022-11-11T13:53:39,0,10,0,10
2022-11-11T14:02:47,0,10,0,10
2022-11-11T14:12:15,0,10,0,10
2022-11-11T14:21:24,0,10,0,10
2022-11-11T14:30:33,0,10,0,10
2022-11-11T14:39:41,0,10,0,10
2022-11-11T14:48:51,0,10,0,10
2022-11-11T14:58:00,0,10,0,10
2022-11-11T15:07:18,0,10,0,10
2022-11-11T15:16:28,0,10,0,10
2022-11-11T15:25:38,0,10,0,10
2022-11-11T15:34:47,0,10,0,10
2022-11-11T15:43:56,0,10,0,10
2022-11-11T15:53:22,0,10,0,10
2022-11-11T16:02:30,0,10,0,10
2022-11-11T16:11:38,0,10,0,10
2022-11-11T16:20:47,0,10,0,10
2022-11-11T16:29:55,0,10,0,10
2022-11-11T16:39:03,0,10,0,10
2022-11-11T16:48:11,0,10,0,10
2022-11-11T16:57:30,0,10,0,10
2022-11-11T17:06:38,0,10,0,10
2022-11-11T17:15:49,0,10,0,10
2022-11-11T17:24:59,0,10,0,10
2022-11-11T17:34:08,0,10,0,10
2022-11-11T17:43:17,0,10,0,10
2022-11-11T17:52:45,0,10,0,10
2022-11-11T18:01:55,0,10,0,10
2022-11-11T18:11:07,0,10,0,10
2022-11-11T18:20:20,0,10,0,10
2022-11-11T18:29:33,0,10,0,10
2022-11-11T18:38:45,0,10,0,10
2022-11-11T18:48:06,0,10,0,10
2022-11-11T18:57:16,0,10,0,10
2022-11-11T19:06:27,0,10,0,10
2022-11-11T19:15:37,0,10,0,10
2022-11-11T19:24:46,0,10,0,10
2022-11-11T19:33:54,0,10,0,10
2022-11-11T19:43:13,0,10,0,10
2022-11-11T19:52:21,0,10,0,10
2022-11-11T20:01:29,0,10,0,10
2022-11-11T20:10:36,0,10,0,10
2022-11-11T20:19:44,0,10,0,10
2022-11-11T20:28:52,0,10,0,10
2022-11-11T20:37:59,0,10,0,10
2022-11-11T20:47:29,0,10,0,10
2022-11-11T20:56:37,0,10,0,10
2022-11-11T21:05:45,0,10,0,10
2022-11-11T21:14:53,0,10,0,10
2022-11-11T21:24:01,0,10,0,10
2022-11-11T21:33:07,0,10,0,10
2022-11-11T21:42:14,0,10,0,10
2022-11-11T21:51:20,0,10,0,10
2022-11-11T22:00:27,0,10,0,10
2022-11-11T22:09:44,0,10,0,10
2022-11-11T22:18:52,0,10,0,10
2022-11-11T22:27:59,0,10,0,10
2022-11-11T22:37:06,0,10,0,10
2022-11-11T22:46:13,0,10,0,10
2022-11-11T22:55:20,0,10,0,10
2022-11-11T23:04:28,0,10,0,10
2022-11-11T23:13:35,0,10,0,10
2022-11-11T23:22:42,0,10,0,10
2022-11-11T23:31:49,0,10,0,10
2022-11-11T23:40:57,0,10,0,10
2022-11-11T23:50:22,0,10,0,10
2022-11-11T23:59:29,0,10,0,10
2022-11-12T00:08:37,0,10,0,10
2022-11-12T00:17:48,0,10,0,10
2022-11-12T00:26:57,0,10,0,10
2022-11-12T00:36:04,0,10,0,10
2022-11-12T00:45:14,0,10,0,10
2022-11-12T00:54:23,0,10,0,10
2022-11-12T01:03:31,0,10,0,10
2022-11-12T01:12:38,0,10,0,10
2022-11-12T01:21:46,0,10,0,10
2022-11-12T01:30:55,0,10,0,10
2022-11-12T01:40:03,0,10,0,10
2022-11-12T01:49:09,0,10,0,10
2022-11-12T01:58:18,0,10,0,10
2022-11-12T02:07:27,0,10,0,10
2022-11-12T02:16:37,0,10,0,10
2022-11-12T02:25:45,0,10,0,10
2022-11-12T02:34:53,0,10,0,10
2022-11-12T02:44:01,0,10,0,10
2022-11-12T02:53:07,0,10,0,10
2022-11-12T03:02:15,0,10,0,10
2022-11-12T03:11:23,0,10,0,10
2022-11-12T03:20:31,0,10,0,10
2022-11-12T03:29:39,0,10,0,10
2022-11-12T03:38:48,0,10,0,10
2022-11-12T03:47:58,0,10,0,10
2022-11-12T03:57:07,0,10,0,10
2022-11-12T04:06:16,0,10,0,10
2022-11-12T04:27:46,0,10,0,10
2022-11-12T04:36:57,0,10,0,10
2022-11-12T04:46:07,0,10,0,10
2022-11-12T04:55:16,0,10,0,10
2022-11-12T05:04:25,0,10,0,10
2022-11-12T05:13:32,0,10,0,10
2022-11-12T05:22:39,0,10,0,10
2022-11-12T05:31:46,0,10,0,10
2022-11-12T05:40:52,0,10,0,10
2022-11-12T05:50:00,0,10,0,10
2022-11-12T05:59:10,0,10,0,10
2022-11-12T06:08:21,0,10,0,10
2022-11-12T06:17:31,0,10,0,10
2022-11-12T06:26:40,0,10,0,10
2022-11-12T06:35:48,0,10,0,10
2022-11-12T06:44:57,0,10,0,10
2022-11-12T06:54:04,0,10,0,10
2022-11-12T07:03:15,0,10,0,10
2022-11-12T07:12:25,0,10,0,10
2022-11-12T07:21:33,0,10,0,10
2022-11-12T07:30:42,0,10,0,10
2022-11-12T07:39:51,0,10,0,10
2022-11-12T07:49:00,0,10,0,10
2022-11-12T07:58:10,0,10,0,10
2022-11-12T08:07:19,0,10,0,10
2022-11-12T08:16:28,0,10,0,10
2022-11-12T08:25:36,0,10,0,10
2022-11-12T08:34:45,0,10,0,10
2022-11-12T08:43:54,0,10,0,10
2022-11-12T08:53:06,0,10,0,10
2022-11-12T09:02:15,0,10,0,10
2022-11-12T09:11:23,0,10,0,10
2022-11-12T09:20:32,0,10,0,10
2022-11-12T09:29:38,0,10,0,10
2022-11-12T09:38:44,0,10,0,10
2022-11-12T09:47:51,0,10,0,10
2022-11-12T09:56:57,0,10,0,10
2022-11-12T10:06:02,0,10,0,10
2022-11-12T10:15:07,0,10,0,10
2022-11-12T10:24:13,0,10,0,10
2022-11-12T10:33:18,0,10,0,10
2022-11-12T10:42:23,0,10,0,10
2022-11-12T10:51:28,0,10,0,10
2022-11-12T11:00:33,0,10,0,10
2022-11-12T11:09:38,0,10,0,10
2022-11-12T11:18:44,0,10,0,10
2022-11-12T11:27:49,0,10,0,10
2022-11-12T11:36:54,0,10,0,10
2022-11-12T11:45:59,0,10,0,10
2022-11-12T11:55:15,0,10,0,10
2022-11-12T12:04:20,0,10,0,10
2022-11-12T12:13:26,0,10,0,10
2022-11-12T12:22:31,0,10,0,10
2022-11-12T12:31:37,0,10,0,10
2022-11-12T12:40:43,0,10,0,10
2022-11-12T12:49:48,0,10,0,10
2022-11-12T12:58:53,0,10,0,10
2022-11-12T13:07:58,0,10,0,10
2022-11-12T13:17:03,0,10,0,10
2022-11-12T13:26:08,0,10,0,10
2022-11-12T13:35:14,0,10,0,10
2022-11-12T13:44:18,0,10,0,10
2022-11-12T13:53:24,0,10,0,10
2022-11-12T14:02:29,0,10,0,10
2022-11-12T14:11:34,0,10,0,10
2022-11-12T14:20:39,0,10,0,10
2022-11-12T14:29:44,0,10,0,10
2022-11-12T14:39:01,0,10,0,10
2022-11-12T14:48:06,0,10,0,10
2022-11-12T14:57:12,0,10,0,10
2022-11-12T15:06:17,0,10,0,10
2022-11-12T15:15:22,0,10,0,10
2022-11-12T15:24:27,0,10,0,10
2022-11-12T15:33:32,0,10,0,10
2022-11-12T15:42:37,0,10,0,10
2022-11-12T15:51:43,0,10,0,10
2022-11-12T16:00:48,0,10,0,10
2022-11-12T16:09:53,0,10,0,10
2022-11-12T16:18:58,0,10,0,10
2022-11-12T16:28:04,0,10,0,10
2022-11-12T16:37:09,0,10,0,10
2022-11-12T16:46:15,0,10,0,10
2022-11-12T16:55:20,0,10,0,10
2022-11-12T17:04:35,0,10,0,10
2022-11-12T17:13:43,0,10,0,10
2022-11-12T17:22:48,0,10,0,10
2022-11-12T17:31:54,0,10,0,10
2022-11-12T17:40:59,0,10,0,10
2022-11-12T17:50:04,0,10,0,10
2022-11-12T17:59:10,0,10,0,10
2022-11-12T18:08:16,0,10,0,10
2022-11-12T18:17:21,0,10,0,10
2022-11-12T18:26:27,0,10,0,10
2022-11-12T18:36:37,0,10,0,10
2022-11-12T18:45:46,0,10,0,10
2022-11-12T18:54:53,0,10,0,10
2022-11-12T19:04:00,0,10,0,10
2022-11-12T19:13:07,0,10,0,10
2022-11-12T19:22:14,0,10,0,10
2022-11-12T19:31:20,0,10,0,10
2022-11-12T19:40:26,0,10,0,10
2022-11-12T19:49:41,0,10,0,10
2022-11-12T19:58:47,0,10,0,10
2022-11-12T20:07:53,0,10,0,10
2022-11-12T20:16:58,0,10,0,10
2022-11-12T20:26:04,0,10,0,10
2022-11-12T20:35:09,0,10,0,10
2022-11-12T20:44:14,0,10,0,10
2022-11-12T20:53:19,0,10,0,10
2022-11-12T21:02:24,0,10,0,10
2022-11-12T21:11:30,0,10,0,10
2022-11-12T21:20:36,0,10,0,10
2022-11-12T21:29:41,0,10,0,10
2022-11-12T21:38:46,0,10,0,10
2022-11-12T21:47:51,0,10,0,10
2022-11-12T21:56:55,0,10,0,10
2022-11-12T22:06:01,0,10,0,10
2022-11-12T22:15:06,0,10,0,10
2022-11-12T22:24:11,0,10,0,10
2022-11-12T22:33:17,0,10,0,10
2022-11-12T22:42:23,0,10,0,10
2022-11-12T22:51:39,0,10,0,10
2022-11-12T23:00:44,0,10,0,10
2022-11-12T23:09:50,0,10,0,10
2022-11-12T23:18:56,0,10,0,10
2022-11-12T23:28:02,0,10,0,10
2022-11-12T23:37:07,0,10,0,10
2022-11-12T23:46:12,0,10,0,10
2022-11-12T23:55:17,0,10,0,10
2022-11-13T00:04:23,0,10,0,10
2022-11-13T00:13:30,0,10,0,10
2022-11-13T00:22:38,0,10,0,10
2022-11-13T00:31:44,0,10,0,10
2022-11-13T00:40:52,0,10,0,10
2022-11-13T00:50:00,0,10,0,10
2022-11-13T00:59:06,0,10,0,10
2022-11-13T01:08:11,0,10,0,10
2022-11-13T01:17:17,0,10,0,10
2022-11-13T01:26:34,0,10,0,10
2022-11-13T01:35:40,0,10,0,10
2022-11-13T01:44:47,0,10,0,10
2022-11-13T01:53:53,0,10,0,10
2022-11-13T02:03:02,0,10,0,10
2022-11-13T02:12:10,0,10,0,10
2022-11-13T02:21:18,0,10,0,10
2022-11-13T02:30:25,0,10,0,10
2022-11-13T02:39:36,0,10,0,10
2022-11-13T02:48:41,0,10,0,10
2022-11-13T02:57:48,0,10,0,10
2022-11-13T03:06:53,0,10,0,10
2022-11-13T03:16:00,0,10,0,10
2022-11-13T03:25:06,0,10,0,10
2022-11-13T03:34:13,0,10,0,10
2022-11-13T03:43:22,0,10,0,10
2022-11-13T03:52:29,0,10,0,10
2022-11-13T04:01:38,0,10,0,10
2022-11-13T04:10:47,0,10,0,10
2022-11-13T04:29:49,0,10,0,10
2022-11-13T04:38:58,0,10,0,10
2022-11-13T04:48:07,0,10,0,10
2022-11-13T04:57:14,0,10,0,10
2022-11-13T05:06:21,0,10,0,10
2022-11-13T05:15:25,0,10,0,10
2022-11-13T05:24:29,0,10,0,10
2022-11-13T05:33:34,0,10,0,10
2022-11-13T05:43:56,0,10,0,10
2022-11-13T05:53:21,0,10,0,10
2022-11-13T06:02:30,0,10,0,10
2022-11-13T06:11:39,0,10,0,10
2022-11-13T06:20:48,0,10,0,10
2022-11-13T06:29:56,0,10,0,10
2022-11-13T06:39:03,0,10,0,10
2022-11-13T06:48:10,0,10,0,10
2022-11-13T06:57:17,0,10,0,10
2022-11-13T07:06:26,0,10,0,10
2022-11-13T07:15:33,0,10,0,10
2022-11-13T07:24:40,0,10,0,10
2022-11-13T07:33:50,0,10,0,10
2022-11-13T07:43:00,0,10,0,10
2022-11-13T07:52:09,0,10,0,10
2022-11-13T08:01:22,0,10,0,10
2022-11-13T08:10:35,0,10,0,10
2022-11-13T08:19:42,0,10,0,10
2022-11-13T08:28:50,0,10,0,10
2022-11-13T08:37:57,0,10,0,10
2022-11-13T08:47:04,0,10,0,10
2022-11-13T08:56:11,0,10,0,10
2022-11-13T09:05:17,0,10,0,10
2022-11-13T09:14:23,0,10,0,10
2022-11-13T10:17:29,0,10,0,10
2022-11-13T10:26:37,0,10,0,10
2022-11-13T10:35:44,0,10,0,10
2022-11-13T10:44:51,0,10,0,10
2022-11-13T10:54:00,0,10,0,10
2022-11-13T11:03:10,0,10,0,10
2022-11-13T11:12:18,0,10,0,10
2022-11-13T11:21:38,0,10,0,10
2022-11-13T11:30:46,0,10,0,10
2022-11-13T11:39:57,0,10,0,10
2022-11-13T11:49:06,0,10,0,10
2022-11-13T11:58:15,0,10,0,10
2022-11-13T12:07:28,0,10,0,10
2022-11-13T12:16:40,0,10,0,10
2022-11-13T12:25:51,0,10,0,10
2022-11-13T12:34:58,0,10,0,10
2022-11-13T12:44:06,0,10,0,10
2022-11-13T12:53:13,0,10,0,10
2022-11-13T13:02:21,0,10,0,10
2022-11-13T13:11:29,0,10,0,10
2022-11-13T13:20:38,0,10,0,10
2022-11-13T13:29:52,0,10,0,10
2022-11-13T13:39:00,0,10,0,10
2022-11-13T13:48:07,0,10,0,10
2022-11-13T13:57:20,0,10,0,10
2022-11-13T14:06:48,0,10,0,10
2022-11-13T14:15:55,0,10,0,10
2022-11-13T14:25:04,0,10,0,10
2022-11-13T14:34:16,0,10,0,10
2022-11-13T14:43:26,0,10,0,10
2022-11-13T14:52:34,0,10,0,10
2022-11-13T15:01:40,0,10,0,10
2022-11-13T15:10:47,0,10,0,10
2022-11-13T15:19:54,0,10,0,10
2022-11-13T15:29:01,0,10,0,10
2022-11-13T15:38:12,0,10,0,10
2022-11-13T15:47:19,0,10,0,10
2022-11-13T15:56:26,0,10,0,10
2022-11-13T16:05:34,0,10,0,10
2022-11-13T16:14:42,0,10,0,10
2022-11-13T16:23:49,0,10,0,10
2022-11-13T16:32:57,0,10,0,10
2022-11-13T16:42:21,0,10,0,10
2022-11-13T16:51:29,0,10,0,10
2022-11-13T17:00:37,0,10,0,10
2022-11-13T17:09:44,0,10,0,10
2022-11-13T17:18:52,0,10,0,10
2022-11-13T17:28:00,0,10,0,10
2022-11-13T17:37:07,0,10,0,10
2022-11-13T17:46:15,0,10,0,10
2022-11-13T17:55:23,0,10,0,10
2022-11-13T18:04:30,0,10,0,10
2022-11-13T18:13:37,0,10,0,10
2022-11-13T18:22:44,0,10,0,10
2022-11-13T18:31:51,0,10,0,10
2022-11-13T18:41:08,0,10,0,10
2022-11-13T18:50:15,0,10,0,10
2022-11-13T18:59:22,0,10,0,10
2022-11-13T19:08:31,0,10,0,10
2022-11-13T19:17:39,0,10,0,10
2022-11-13T19:26:47,0,10,0,10
2022-11-13T19:35:54,0,10,0,10
2022-11-13T19:45:03,0,10,0,10
2022-11-13T19:54:12,0,10,0,10
2022-11-13T20:03:20,0,10,0,10
2022-11-13T20:12:28,0,10,0,10
2022-11-13T20:21:36,0,10,0,10
2022-11-13T20:30:54,0,10,0,10
2022-11-13T20:40:01,0,10,0,10
2022-11-13T20:49:08,0,10,0,10
2022-11-13T20:58:15,0,10,0,10
2022-11-13T21:07:22,0,10,0,10
2022-11-13T21:16:29,0,10,0,10
2022-11-13T21:25:36,0,10,0,10
2022-11-13T21:34:43,0,10,0,10
2022-11-13T21:43:51,0,10,0,10
2022-11-13T21:52:58,0,10,0,10
2022-11-13T22:02:05,0,10,0,10
2022-11-13T22:11:12,0,10,0,10
2022-11-13T22:20:19,0,10,0,10
2022-11-13T22:29:35,0,10,0,10
2022-11-13T22:38:42,0,10,0,10
2022-11-13T22:47:49,0,10,0,10
2022-11-13T22:56:55,0,10,0,10
2022-11-13T23:06:03,0,10,0,10
2022-11-13T23:15:11,0,10,0,10
2022-11-13T23:24:19,0,10,0,10
2022-11-13T23:33:26,0,10,0,10
2022-11-13T23:42:33,0,10,0,10
2022-11-13T23:51:39,0,10,0,10
2022-11-14T00:01:04,0,10,0,10
2022-11-14T00:10:15,0,10,0,10
2022-11-14T00:19:30,0,10,0,10
2022-11-14T00:28:41,0,10,0,10
2022-11-14T00:38:05,0,10,0,10
2022-11-14T00:47:14,0,10,0,10
2022-11-14T00:56:23,0,10,0,10
2022-11-14T01:05:30,0,10,0,10
2022-11-14T01:14:43,0,10,0,10
2022-11-14T01:23:54,0,10,0,10
2022-11-14T01:33:04,0,10,0,10
2022-11-14T01:42:15,0,10,0,10
2022-11-14T01:51:25,0,10,0,10
2022-11-14T02:00:34,0,10,0,10
2022-11-14T02:09:44,0,10,0,10
2022-11-14T02:18:55,0,10,0,10
2022-11-14T02:28:05,0,10,0,10
2022-11-14T02:37:31,0,10,0,10
2022-11-14T02:46:40,0,10,0,10
2022-11-14T02:55:55,0,10,0,10
2022-11-14T03:05:09,0,10,0,10
2022-11-14T03:14:25,0,10,0,10
2022-11-14T03:23:41,0,10,0,10
2022-11-14T03:32:57,0,10,0,10
2022-11-14T03:42:14,0,10,0,10
2022-11-14T03:51:31,0,10,0,10
2022-11-14T04:00:47,0,10,0,10
2022-11-14T04:10:04,0,10,0,10
2022-11-14T04:31:51,0,10,0,10
2022-11-14T04:41:06,0,10,0,10
2022-11-14T04:50:16,0,10,0,10
2022-11-14T04:59:25,0,10,0,10
2022-11-14T05:08:33,0,10,0,10
2022-11-14T05:17:40,0,10,0,10
2022-11-14T05:26:46,0,10,0,10
2022-11-14T05:35:54,0,10,0,10
2022-11-14T05:45:01,0,10,0,10
2022-11-14T05:54:10,0,10,0,10
2022-11-14T06:03:22,0,10,0,10
2022-11-14T06:12:34,0,10,0,10
2022-11-14T06:21:47,0,10,0,10
2022-11-14T06:30:57,0,10,0,10
2022-11-14T06:40:07,0,10,0,10
2022-11-14T06:49:16,0,10,0,10
2022-11-14T06:58:25,0,10,0,10
2022-11-14T07:07:34,0,10,0,10
2022-11-14T07:16:44,0,10,0,10
2022-11-14T07:25:57,0,10,0,10
2022-11-14T07:35:08,0,10,0,10
2022-11-14T07:44:28,0,10,0,10
2022-11-14T07:53:39,0,10,0,10
2022-11-14T08:02:50,0,10,0,10
2022-11-14T08:12:01,0,10,0,10
2022-11-14T08:21:13,0,10,0,10
2022-11-14T08:30:25,0,10,0,10
2022-11-14T08:39:38,0,10,0,10
2022-11-14T08:48:49,0,10,0,10
2022-11-14T08:58:00,0,10,0,10
2022-11-14T09:07:11,0,10,0,10
2022-11-14T09:16:21,0,10,0,10
2022-11-14T09:25:38,0,10,0,10
2022-11-14T09:35:01,0,10,0,10
2022-11-14T09:44:13,0,10,0,10
2022-11-14T09:53:24,0,10,0,10
2022-11-14T10:02:35,0,10,0,10
2022-11-14T10:11:45,0,10,0,10
2022-11-14T10:20:54,0,10,0,10
2022-11-14T10:30:05,0,10,0,10
2022-11-14T10:39:26,0,10,0,10
2022-11-14T10:48:43,0,10,0,10
2022-11-14T10:57:54,0,10,0,10
2022-11-14T11:07:05,0,10,0,10
2022-11-14T11:16:17,0,10,0,10
2022-11-14T11:25:27,0,10,0,10
2022-11-14T11:34:48,0,10,0,10
2022-11-14T11:43:57,0,10,0,10
2022-11-14T11:53:07,0,10,0,10
2022-11-14T12:02:17,0,10,0,10
2022-11-14T12:11:28,0,10,0,10
2022-11-14T12:20:49,0,10,0,10
2022-11-14T12:29:59,0,10,0,10
2022-11-14T12:39:10,0,10,0,10
2022-11-14T12:48:19,0,10,0,10
2022-11-14T12:57:30,0,10,0,10
2022-11-14T13:06:40,0,10,0,10
2022-11-14T13:16:01,0,10,0,10
2022-11-14T13:25:14,0,10,0,10
2022-11-14T13:34:24,0,10,0,10
2022-11-14T13:43:36,0,10,0,10
2022-11-14T13:52:47,0,10,0,10
2022-11-14T14:02:09,0,10,0,10
2022-11-14T14:11:20,0,10,0,10
2022-11-14T14:20:31,0,10,0,10
2022-11-14T14:29:41,0,10,0,10
2022-11-14T14:38:53,0,10,0,10
2022-11-14T14:48:16,0,10,0,10
2022-11-14T14:57:27,0,10,0,10
2022-11-14T15:06:37,0,10,0,10
2022-11-14T15:15:47,0,10,0,10
2022-11-14T15:24:58,0,10,0,10
2022-11-14T15:34:08,0,10,0,10
2022-11-14T15:43:29,0,10,0,10
2022-11-14T15:52:39,0,10,0,10
2022-11-14T16:01:49,0,10,0,10
2022-11-14T16:10:59,0,10,0,10
2022-11-14T16:20:08,0,10,0,10
2022-11-14T16:29:18,0,10,0,10
2022-11-14T16:38:38,0,10,0,10
2022-11-14T16:47:48,0,10,0,10
2022-11-14T16:56:56,0,10,0,10
2022-11-14T17:06:06,0,10,0,10
2022-11-14T17:15:16,0,10,0,10
2022-11-14T17:24:35,0,10,0,10
2022-11-14T17:33:44,0,10,0,10
2022-11-14T17:42:52,0,10,0,10
2022-11-14T17:52:00,0,10,0,10
2022-11-14T18:01:09,0,10,0,10
2022-11-14T18:10:18,0,10,0,10
2022-11-14T18:19:37,0,10,0,10
2022-11-14T18:28:45,0,10,0,10
2022-11-14T18:37:54,0,10,0,10
2022-11-14T18:47:03,0,10,0,10
2022-11-14T18:56:11,0,10,0,10
2022-11-14T19:05:20,0,10,0,10
2022-11-14T19:14:38,0,10,0,10
2022-11-14T19:23:47,0,10,0,10
2022-11-14T19:32:55,0,10,0,10
2022-11-14T19:42:04,0,10,0,10
2022-11-14T19:51:12,0,10,0,10
2022-11-14T20:00:21,0,10,0,10
2022-11-14T20:09:28,0,10,0,10
2022-11-14T20:18:47,0,10,0,10
2022-11-14T20:27:55,0,10,0,10
2022-11-14T20:37:02,0,10,0,10
2022-11-14T20:46:10,0,10,0,10
2022-11-14T20:55:17,0,10,0,10
2022-11-14T21:04:25,0,10,0,10
2022-11-14T21:13:33,0,10,0,10
2022-11-14T21:22:51,0,10,0,10
2022-11-14T21:31:59,0,10,0,10
2022-11-14T21:41:07,0,10,0,10
2022-11-14T21:50:15,0,10,0,10
2022-11-14T21:59:22,0,10,0,10
2022-11-14T22:08:30,0,10,0,10
2022-11-14T22:17:39,0,10,0,10
2022-11-14T22:26:46,0,10,0,10
2022-11-14T22:35:53,0,10,0,10
2022-11-14T22:45:12,0,10,0,10
2022-11-14T22:54:19,0,10,0,10
2022-11-14T23:03:27,0,10,0,10
2022-11-14T23:12:35,0,10,0,10
2022-11-14T23:21:42,0,10,0,10
2022-11-14T23:30:49,0,10,0,10
2022-11-14T23:39:57,0,10,0,10
2022-11-14T23:49:15,0,10,0,10
2022-11-14T23:58:22,0,10,0,10
2022-11-15T00:07:31,0,10,0,10
2022-11-15T00:16:42,0,10,0,10
2022-11-15T00:25:53,0,10,0,10
2022-11-15T00:35:03,0,10,0,10
2022-11-15T00:44:12,0,10,0,10
2022-11-15T00:53:23,0,10,0,10
2022-11-15T01:02:32,0,10,0,10
2022-11-15T01:11:41,0,10,0,10
2022-11-15T01:20:49,0,10,0,10
2022-11-15T01:29:59,0,10,0,10
2022-11-15T01:39:09,0,10,0,10
2022-11-15T01:48:17,0,10,0,10
2022-11-15T01:57:25,0,10,0,10
2022-11-15T02:06:43,0,10,0,10
2022-11-15T02:15:50,0,10,0,10
2022-11-15T02:24:57,0,10,0,10
2022-11-15T02:34:05,0,10,0,10
2022-11-15T02:43:15,0,10,0,10
2022-11-15T02:52:25,0,10,0,10
2022-11-15T03:01:35,0,10,0,10
2022-11-15T03:10:44,0,10,0,10
2022-11-15T03:19:54,0,10,0,10
2022-11-15T03:29:02,0,10,0,10
2022-11-15T03:38:11,0,10,0,10
2022-11-15T03:47:20,0,10,0,10
2022-11-15T03:56:30,0,10,0,10
2022-11-15T04:05:39,0,10,0,10
2022-11-15T04:14:49,0,10,0,10
2022-11-15T04:32:57,0,10,0,10
2022-11-15T04:42:09,0,10,0,10
2022-11-15T04:51:20,0,10,0,10
2022-11-15T05:00:30,0,10,0,10
2022-11-15T05:09:41,0,10,0,10
2022-11-15T05:18:49,0,10,0,10
2022-11-15T05:27:57,0,10,0,10
2022-11-15T05:37:05,0,10,0,10
2022-11-15T05:46:13,0,10,0,10
2022-11-15T05:55:23,0,10,0,10
2022-11-15T06:04:35,0,10,0,10
2022-11-15T06:13:47,0,10,0,10
2022-11-15T06:22:58,0,10,0,10
2022-11-15T06:32:07,0,10,0,10
2022-11-15T06:41:15,0,10,0,10
2022-11-15T06:50:26,0,10,0,10
2022-11-15T06:59:35,0,10,0,10
2022-11-15T07:08:45,0,10,0,10
2022-11-15T07:17:56,0,10,0,10
2022-11-15T07:27:07,0,10,0,10
2022-11-15T07:36:21,0,10,0,10
2022-11-15T07:45:32,0,10,0,10
2022-11-15T07:54:43,0,10,0,10
2022-11-15T08:03:54,0,10,0,10
2022-11-15T08:13:16,0,10,0,10
2022-11-15T08:22:27,0,10,0,10
2022-11-15T08:31:39,0,10,0,10
2022-11-15T08:40:49,0,10,0,10
2022-11-15T08:50:00,0,10,0,10
2022-11-15T08:59:11,0,10,0,10
2022-11-15T09:08:22,0,10,0,10
2022-11-15T09:17:33,0,10,0,10
2022-11-15T09:26:44,0,10,0,10
2022-11-15T09:35:55,0,10,0,10
2022-11-15T09:45:19,0,10,0,10
2022-11-15T09:54:30,0,10,0,10
2022-11-15T10:03:41,0,10,0,10
2022-11-15T10:12:53,0,10,0,10
2022-11-15T10:22:04,0,10,0,10
2022-11-15T10:31:15,0,10,0,10
2022-11-15T10:40:59,0,10,0,10
2022-11-15T10:50:13,0,10,0,10
2022-11-15T10:59:25,0,10,0,10
2022-11-15T11:08:38,0,10,0,10
2022-11-15T11:17:50,0,10,0,10
2022-11-15T11:27:16,0,10,0,10
2022-11-15T11:36:32,0,10,0,10
2022-11-15T11:45:46,0,10,0,10
2022-11-15T11:54:58,0,10,0,10
2022-11-15T12:04:13,0,10,0,10
2022-11-15T12:13:25,0,10,0,10
2022-11-15T12:22:52,0,10,0,10
2022-11-15T12:32:06,0,10,0,10
2022-11-15T12:41:21,0,10,0,10
2022-11-15T12:50:32,0,10,0,10
2022-11-15T12:59:48,0,10,0,10
2022-11-15T13:09:13,0,10,0,10
2022-11-15T13:18:25,0,10,0,10
2022-11-15T13:27:38,0,10,0,10
2022-11-15T13:36:50,0,10,0,10
2022-11-15T13:46:14,0,10,0,10
2022-11-15T13:55:27,0,10,0,10
2022-11-15T14:04:39,0,10,0,10
2022-11-15T14:13:52,0,10,0,10
2022-11-15T14:23:15,0,10,0,10
2022-11-15T14:32:27,0,10,0,10
2022-11-15T14:41:40,0,10,0,10
2022-11-15T14:50:54,0,10,0,10
2022-11-15T15:00:19,0,10,0,10
2022-11-15T15:09:31,0,10,0,10
2022-11-15T15:18:42,0,10,0,10
2022-11-15T15:27:56,0,10,0,10
2022-11-15T15:37:20,0,10,0,10
2022-11-15T15:46:32,0,10,0,10
2022-11-15T15:55:44,0,10,0,10
2022-11-15T16:04:55,0,10,0,10
2022-11-15T16:14:09,0,10,0,10
2022-11-15T16:23:32,0,10,0,10
2022-11-15T16:32:44,0,10,0,10
2022-11-15T16:41:56,0,10,0,10
2022-11-15T16:51:06,0,10,0,10
2022-11-15T17:00:27,0,10,0,10
2022-11-15T17:09:39,0,10,0,10
2022-11-15T17:18:51,0,10,0,10
2022-11-15T17:28:00,0,10,0,10
2022-11-15T17:37:10,0,10,0,10
2022-11-15T17:46:20,0,10,0,10
2022-11-15T17:55:40,0,10,0,10
2022-11-15T18:04:50,0,10,0,10
2022-11-15T18:14:00,0,10,0,10
2022-11-15T18:23:11,0,10,0,10
2022-11-15T18:32:22,0,10,0,10
2022-11-15T18:41:44,0,10,0,10
2022-11-15T18:50:54,0,10,0,10
2022-11-15T19:00:05,0,10,0,10
2022-11-15T19:09:16,0,10,0,10
2022-11-15T19:18:27,0,10,0,10
2022-11-15T19:27:38,0,10,0,10
2022-11-15T19:37:00,0,10,0,10
2022-11-15T19:46:09,0,10,0,10
2022-11-15T19:55:19,0,10,0,10
2022-11-15T20:04:30,0,10,0,10
2022-11-15T20:13:40,0,10,0,10
2022-11-15T20:23:00,0,10,0,10
2022-11-15T20:32:11,0,10,0,10
2022-11-15T20:41:20,0,10,0,10
2022-11-15T20:50:30,0,10,0,10
2022-11-15T20:59:39,0,10,0,10
2022-11-15T21:08:49,0,10,0,10
2022-11-15T21:18:10,0,10,0,10
2022-11-15T21:27:32,0,10,0,10
2022-11-15T21:36:42,0,10,0,10
2022-11-15T21:45:51,0,10,0,10
2022-11-15T21:55:00,0,10,0,10
2022-11-15T22:04:10,0,10,0,10
2022-11-15T22:13:30,0,10,0,10
2022-11-15T22:22:40,0,10,0,10
2022-11-15T22:31:49,0,10,0,10
2022-11-15T22:40:59,0,10,0,10
2022-11-15T22:50:08,0,10,0,10
2022-11-15T22:59:18,0,10,0,10
2022-11-15T23:08:38,0,10,0,10
2022-11-15T23:17:48,0,10,0,10
2022-11-15T23:26:57,0,10,0,10
2022-11-15T23:36:06,0,10,0,10
2022-11-15T23:45:16,0,10,0,10
2022-11-15T23:54:24,0,10,0,10
2022-11-16T00:03:35,0,10,0,10
2022-11-16T00:12:48,0,10,0,10
2022-11-16T00:22:02,0,10,0,10
2022-11-16T00:31:25,0,10,0,10
2022-11-16T00:40:39,0,10,0,10
2022-11-16T00:49:51,0,10,0,10
2022-11-16T00:59:02,0,10,0,10
2022-11-16T01:08:14,0,10,0,10
2022-11-16T01:17:27,0,10,0,10
2022-11-16T01:26:39,0,10,0,10
2022-11-16T01:35:52,0,10,0,10
2022-11-16T01:45:05,0,10,0,10
2022-11-16T01:54:16,0,10,0,10
2022-11-16T02:03:27,0,10,0,10
2022-11-16T02:12:40,0,10,0,10
2022-11-16T02:21:52,0,10,0,10
2022-11-16T02:31:05,0,10,0,10
2022-11-16T02:40:17,0,10,0,10
2022-11-16T02:49:38,0,10,0,10
2022-11-16T02:58:49,0,10,0,10
2022-11-16T03:08:01,0,10,0,10
2022-11-16T03:17:12,0,10,0,10
2022-11-16T03:26:24,0,10,0,10
2022-11-16T03:35:37,0,10,0,10
2022-11-16T03:44:50,0,10,0,10
2022-11-16T03:54:02,0,10,0,10
2022-11-16T04:03:15,0,10,0,10
2022-11-16T04:26:31,0,10,0,10
2022-11-16T04:35:45,0,10,0,10
2022-11-16T04:44:59,0,10,0,10
2022-11-16T04:54:11,0,10,0,10
2022-11-16T05:03:22,0,10,0,10
2022-11-16T05:12:33,0,10,0,10
2022-11-16T05:21:43,0,10,0,10
2022-11-16T05:30:52,0,10,0,10
2022-11-16T05:40:03,0,10,0,10
2022-11-16T05:49:14,0,10,0,10
2022-11-16T05:58:30,0,10,0,10
2022-11-16T06:07:46,0,10,0,10
2022-11-16T06:16:59,0,10,0,10
2022-11-16T06:26:12,0,10,0,10
2022-11-16T06:35:23,0,10,0,10
2022-11-16T06:44:35,0,10,0,10
2022-11-16T06:53:47,0,10,0,10
2022-11-16T07:02:59,0,10,0,10
2022-11-16T07:12:12,0,10,0,10
2022-11-16T07:21:28,0,10,0,10
2022-11-16T07:30:40,0,10,0,10
2022-11-16T07:39:54,0,10,0,10
2022-11-16T07:49:07,0,10,0,10
2022-11-16T07:58:21,0,10,0,10
2022-11-16T08:07:43,0,10,0,10
2022-11-16T08:16:57,0,10,0,10
2022-11-16T08:26:11,0,10,0,10
2022-11-16T08:35:25,0,10,0,10
2022-11-16T08:44:39,0,10,0,10
2022-11-16T08:53:54,0,10,0,10
2022-11-16T09:03:09,0,10,0,10
2022-11-16T09:12:25,0,10,0,10
2022-11-16T09:21:40,0,10,0,10
2022-11-16T09:30:52,0,10,0,10
2022-11-16T09:40:15,0,10,0,10
2022-11-16T09:49:30,0,10,0,10
2022-11-16T09:58:44,0,10,0,10
2022-11-16T10:07:57,0,10,0,10
2022-11-16T10:17:10,0,10,0,10
2022-11-16T10:26:22,0,10,0,10
2022-11-16T10:35:34,0,10,0,10
2022-11-16T10:44:49,0,10,0,10
2022-11-16T10:54:13,0,10,0,10
2022-11-16T11:03:27,0,10,0,10
2022-11-16T11:12:40,0,10,0,10
2022-11-16T11:21:53,0,10,0,10
2022-11-16T11:31:07,0,10,0,10
2022-11-16T11:40:20,0,10,0,10
2022-11-16T11:49:43,0,10,0,10
2022-11-16T11:58:57,0,10,0,10
2022-11-16T12:08:12,0,10,0,10
2022-11-16T12:17:26,0,10,0,10
2022-11-16T12:26:40,0,10,0,10
2022-11-16T12:36:04,0,10,0,10
2022-11-16T12:45:16,0,10,0,10
2022-11-16T12:54:28,0,10,0,10
2022-11-16T13:03:46,0,10,0,10
2022-11-16T13:13:04,0,10,0,10
2022-11-16T13:22:21,0,10,0,10
2022-11-16T13:31:49,0,10,0,10
2022-11-16T13:41:08,0,10,0,10
2022-11-16T13:50:26,0,10,0,10
2022-11-16T13:59:42,0,10,0,10
2022-11-16T14:08:56,0,10,0,10
2022-11-16T14:18:10,0,10,0,10
2022-11-16T14:27:38,0,10,0,10
2022-11-16T14:36:56,0,10,0,10
2022-11-16T14:46:11,0,10,0,10
2022-11-16T14:55:30,0,10,0,10
2022-11-16T15:04:57,0,10,0,10
2022-11-16T15:14:15,0,10,0,10
2022-11-16T15:23:29,0,10,0,10
2022-11-16T15:32:44,0,10,0,10
2022-11-16T15:41:58,0,10,0,10
2022-11-16T15:51:23,0,10,0,10
2022-11-16T16:00:45,0,10,0,10
2022-11-16T16:09:59,0,10,0,10
2022-11-16T16:19:18,0,10,0,10
2022-11-16T16:28:32,0,10,0,10
2022-11-16T16:37:55,0,10,0,10
2022-11-16T16:47:09,0,10,0,10
2022-11-16T16:56:27,0,10,0,10
2022-11-16T17:05:41,0,10,0,10
2022-11-16T17:15:07,0,10,0,10
2022-11-16T17:24:19,0,10,0,10
2022-11-16T17:33:31,0,10,0,10
2022-11-16T17:42:41,0,10,0,10
2022-11-16T17:51:52,0,10,0,10
2022-11-16T18:01:03,0,10,0,10
2022-11-16T18:10:25,0,10,0,10
2022-11-16T18:19:36,1,9,0,10
2022-11-16T18:28:47,1,9,0,10
2022-11-16T18:37:57,1,9,0,10
2022-11-16T18:47:08,1,9,0,10
2022-11-16T18:56:29,1,9,0,10
2022-11-16T19:05:40,1,9,0,10
2022-11-16T19:14:50,1,9,0,10
2022-11-16T19:24:00,1,9,0,10
2022-11-16T19:33:09,1,9,0,10
2022-11-16T19:42:19,1,9,0,10
2022-11-16T19:51:29,1,9,0,10
2022-11-16T20:00:52,1,9,0,10
2022-11-16T20:10:02,1,9,0,10
2022-11-16T20:19:13,1,9,0,10
2022-11-16T20:28:24,1,9,0,10
2022-11-16T20:37:34,1,9,0,10
2022-11-16T20:46:50,1,9,0,10
2022-11-16T20:56:01,1,9,0,10
2022-11-16T21:05:22,1,9,0,10
2022-11-16T21:14:32,1,9,0,10
2022-11-16T21:23:42,1,9,0,10
2022-11-16T21:32:52,1,9,0,10
2022-11-16T21:42:01,1,9,0,10
2022-11-16T21:51:11,1,9,0,10
2022-11-16T22:00:20,1,9,0,10
2022-11-16T22:09:42,1,9,0,10
2022-11-16T22:18:52,1,9,0,10
2022-11-16T22:28:04,1,9,0,10
2022-11-16T22:37:14,1,9,0,10
2022-11-16T22:46:24,1,9,0,10
2022-11-16T22:55:32,1,9,0,10
2022-11-16T23:04:42,1,9,0,10
2022-11-16T23:14:02,1,9,0,10
2022-11-16T23:23:11,1,9,0,10
2022-11-16T23:32:20,1,9,0,10
2022-11-16T23:41:29,1,9,0,10
2022-11-16T23:50:38,1,9,0,10
2022-11-16T23:59:46,1,9,0,10
2022-11-17T00:08:56,1,9,0,10
2022-11-17T00:18:20,1,9,0,10
2022-11-17T00:27:31,1,9,0,10
2022-11-17T00:36:42,1,9,0,10
2022-11-17T00:45:53,1,9,0,10
2022-11-17T00:55:05,1,9,0,10
2022-11-17T01:04:17,1,9,0,10
2022-11-17T01:13:27,1,9,0,10
2022-11-17T01:22:37,1,9,0,10
2022-11-17T01:31:48,1,9,0,10
2022-11-17T01:40:59,1,9,0,10
2022-11-17T01:50:18,1,9,0,10
2022-11-17T01:59:27,1,9,0,10
2022-11-17T02:08:37,1,9,0,10
2022-11-17T02:17:46,1,9,0,10
2022-11-17T02:26:54,1,9,0,10
2022-11-17T02:36:04,1,9,0,10
2022-11-17T02:45:15,1,9,0,10
2022-11-17T02:54:26,1,9,0,10
2022-11-17T03:03:36,1,9,0,10
2022-11-17T03:12:47,1,9,0,10
2022-11-17T03:21:56,1,9,0,10
2022-11-17T03:31:06,1,9,0,10
2022-11-17T03:40:17,1,9,0,10
2022-11-17T03:49:28,1,9,0,10
2022-11-17T03:58:40,1,9,0,10
2022-11-17T04:07:51,1,9,0,10
2022-11-17T04:36:26,1,9,0,10
2022-11-17T04:45:39,1,9,0,10
2022-11-17T04:54:51,1,9,0,10
2022-11-17T05:04:04,1,9,0,10
2022-11-17T05:13:14,1,9,0,10
2022-11-17T05:22:24,1,9,0,10
2022-11-17T05:31:33,1,9,0,10
2022-11-17T05:40:44,1,9,0,10
2022-11-17T05:49:55,1,9,0,10
2022-11-17T05:59:08,1,9,0,10
2022-11-17T06:15:55,1,9,0,10
2022-11-17T06:25:07,1,9,0,10
2022-11-17T06:34:18,1,9,0,10
2022-11-17T06:43:28,1,9,0,10
2022-11-17T06:52:38,1,9,0,10
2022-11-17T07:01:49,1,9,0,10
2022-11-17T07:11:00,1,9,0,10
2022-11-17T07:20:12,1,9,0,10
2022-11-17T07:29:24,1,9,0,10
2022-11-17T07:38:37,1,9,0,10
2022-11-17T07:47:58,1,9,0,10
2022-11-17T07:57:11,1,9,0,10
2022-11-17T08:06:23,1,9,0,10
2022-11-17T08:15:36,1,9,0,10
2022-11-17T08:24:49,1,9,0,10
2022-11-17T08:34:01,1,9,0,10
2022-11-17T08:43:13,1,9,0,10
2022-11-17T08:52:26,1,9,0,10
2022-11-17T09:01:39,1,9,0,10
2022-11-17T09:10:51,1,9,0,10
2022-11-17T09:20:05,1,9,0,10
2022-11-17T09:29:18,1,9,0,10
2022-11-17T09:38:32,1,9,0,10
2022-11-17T09:47:57,1,9,0,10
2022-11-17T09:57:11,1,9,0,10
2022-11-17T10:06:24,1,9,0,10
2022-11-17T10:15:37,1,9,0,10
2022-11-17T10:24:51,1,9,0,10
2022-11-17T10:34:16,1,9,0,10
2022-11-17T10:43:30,1,9,0,10
2022-11-17T10:52:44,1,9,0,10
2022-11-17T11:01:58,1,9,0,10
2022-11-17T11:11:22,1,9,0,10
2022-11-17T11:20:36,1,9,0,10
2022-11-17T11:29:50,1,9,0,10
2022-11-17T11:39:03,1,9,0,10
2022-11-17T11:48:18,1,9,0,10
2022-11-17T11:57:42,1,9,0,10
2022-11-17T12:06:58,1,9,0,10
2022-11-17T12:16:12,1,9,0,10
2022-11-17T12:25:25,1,9,0,10
2022-11-17T12:34:39,1,9,0,10
2022-11-17T12:44:02,1,9,0,10
2022-11-17T12:53:15,1,9,0,10
2022-11-17T13:02:31,1,9,0,10
2022-11-17T13:11:44,1,9,0,10
2022-11-17T13:20:58,1,9,0,10
2022-11-17T13:30:24,1,9,0,10
2022-11-17T13:39:37,1,9,0,10
2022-11-17T13:48:52,1,9,0,10
2022-11-17T13:58:06,1,9,0,10
2022-11-17T14:07:32,1,9,0,10
2022-11-17T14:16:48,1,9,0,10
2022-11-17T14:26:03,1,9,0,10
2022-11-17T14:35:29,1,9,0,10
2022-11-17T14:44:43,1,9,0,10
2022-11-17T14:53:59,1,9,0,10
2022-11-17T15:03:15,1,9,0,10
2022-11-17T15:12:30,1,9,0,10
2022-11-17T15:21:54,1,9,0,10
2022-11-17T15:31:09,1,9,0,10
2022-11-17T15:40:23,1,9,0,10
2022-11-17T15:49:37,1,9,0,10
2022-11-17T15:58:51,1,9,0,10
2022-11-17T16:08:16,1,9,0,10
2022-11-17T16:17:29,1,9,0,10
2022-11-17T16:26:41,1,9,0,10
2022-11-17T16:35:52,1,9,0,10
2022-11-17T16:45:04,1,9,0,10
2022-11-17T16:54:26,1,9,0,10
2022-11-17T17:03:38,1,9,0,10
2022-11-17T17:12:51,1,9,0,10
2022-11-17T17:22:02,1,9,0,10
2022-11-17T17:31:15,1,9,0,10
2022-11-17T17:40:26,1,9,0,10
2022-11-17T17:49:48,1,9,0,10
2022-11-17T17:59:00,1,9,0,10
2022-11-17T18:08:13,1,9,0,10
2022-11-17T18:17:25,1,9,0,10
2022-11-17T18:26:36,1,9,0,10
2022-11-17T18:35:49,1,9,0,10
2022-11-17T18:45:10,1,9,0,10
2022-11-17T18:54:21,1,9,0,10
2022-11-17T19:03:33,1,9,0,10
2022-11-17T19:12:44,1,9,0,10
2022-11-17T19:21:54,1,9,0,10
2022-11-17T19:31:05,1,9,0,10
2022-11-17T19:40:27,1,9,0,10
2022-11-17T19:49:37,1,9,0,10
2022-11-17T19:58:47,1,9,0,10
2022-11-17T20:07:58,1,9,0,10
2022-11-17T20:17:09,1,9,0,10
2022-11-17T20:26:18,1,9,0,10
2022-11-17T20:35:37,1,9,0,10
2022-11-17T20:44:48,1,9,0,10
2022-11-17T20:53:57,1,9,0,10
2022-11-17T21:03:07,1,9,0,10
2022-11-17T21:12:16,1,9,0,10
2022-11-17T21:21:25,1,9,0,10
2022-11-17T21:30:45,1,9,0,10
2022-11-17T21:39:56,1,9,0,10
2022-11-17T21:49:06,1,9,0,10
2022-11-17T21:58:15,1,9,0,10
2022-11-17T22:07:25,1,9,0,10
2022-11-17T22:16:36,1,9,0,10
2022-11-17T22:25:46,1,9,0,10
2022-11-17T22:35:14,1,9,0,10
2022-11-17T22:44:33,1,9,0,10
2022-11-17T22:53:55,1,9,0,10
2022-11-17T23:03:23,1,9,0,10
2022-11-17T23:12:47,1,9,0,10
2022-11-17T23:22:13,1,9,0,10
2022-11-17T23:31:47,1,9,0,10
2022-11-17T23:41:21,1,9,0,10
2022-11-17T23:50:59,1,9,0,10
2022-11-18T00:00:29,1,9,0,10
2022-11-18T00:09:59,1,9,0,10
2022-11-18T00:19:28,1,9,0,10
2022-11-18T00:28:50,1,9,0,10
2022-11-18T00:38:13,1,9,0,10
2022-11-18T00:47:35,1,9,0,10
2022-11-18T00:56:55,1,9,0,10
2022-11-18T01:06:15,1,9,0,10
2022-11-18T01:15:34,1,9,0,10
2022-11-18T01:24:59,1,9,0,10
2022-11-18T01:34:11,1,9,0,10
2022-11-18T01:43:23,1,9,0,10
2022-11-18T01:52:34,1,9,0,10
2022-11-18T02:01:43,1,9,0,10
2022-11-18T02:10:53,1,9,0,10
2022-11-18T02:20:03,1,9,0,10
2022-11-18T02:29:13,1,9,0,10
2022-11-18T02:38:25,1,9,0,10
2022-11-18T02:47:37,1,9,0,10
2022-11-18T02:56:49,1,9,0,10
2022-11-18T03:06:00,1,9,0,10
2022-11-18T03:15:11,1,9,0,10
2022-11-18T03:24:22,1,9,0,10
2022-11-18T03:33:32,1,9,0,10
2022-11-18T03:42:45,1,9,0,10
2022-11-18T03:51:57,1,9,0,10
2022-11-18T04:01:09,1,9,0,10
2022-11-18T04:10:33,1,9,0,10
2022-11-18T04:30:43,1,9,0,10
2022-11-18T04:39:57,1,9,0,10
2022-11-18T04:50:21,1,9,0,10
2022-11-18T04:59:52,1,9,0,10
2022-11-18T05:09:05,1,9,0,10
2022-11-18T05:18:17,1,9,0,10
2022-11-18T05:27:27,1,9,0,10
2022-11-18T05:36:37,1,9,0,10
2022-11-18T05:45:47,1,9,0,10
2022-11-18T05:55:00,1,9,0,10
2022-11-18T06:04:22,1,9,0,10
2022-11-18T06:13:35,1,9,0,10
2022-11-18T06:22:48,1,9,0,10
2022-11-18T06:32:00,1,9,0,10
2022-11-18T06:41:11,1,9,0,10
2022-11-18T06:50:22,1,9,0,10
2022-11-18T06:59:32,1,9,0,10
2022-11-18T07:08:44,1,9,0,10
2022-11-18T07:17:56,1,9,0,10
2022-11-18T07:27:09,1,9,0,10
2022-11-18T07:36:22,1,9,0,10
2022-11-18T07:45:37,1,9,0,10
2022-11-18T07:54:50,1,9,0,10
2022-11-18T08:04:03,1,9,0,10
2022-11-18T08:13:16,1,9,0,10
2022-11-18T08:22:30,1,9,0,10
2022-11-18T08:31:45,1,9,0,10
2022-11-18T08:40:57,1,9,0,10
2022-11-18T08:50:12,1,9,0,10
2022-11-18T08:59:27,1,9,0,10
2022-11-18T09:08:52,1,9,0,10
2022-11-18T09:18:06,1,9,0,10
2022-11-18T09:27:21,1,9,0,10
2022-11-18T09:36:35,1,9,0,10
2022-11-18T09:45:50,1,9,0,10
2022-11-18T09:55:04,1,9,0,10
2022-11-18T10:04:21,1,9,0,10
2022-11-18T10:13:46,1,9,0,10
2022-11-18T10:23:01,1,9,0,10
2022-11-18T10:32:16,1,9,0,10
2022-11-18T10:41:31,1,9,0,10
2022-11-18T10:50:45,1,9,0,10
2022-11-18T11:00:00,1,9,0,10
2022-11-18T11:09:26,1,9,0,10
2022-11-18T11:18:42,1,9,0,10
2022-11-18T11:27:57,1,9,0,10
2022-11-18T11:37:13,1,9,0,10
2022-11-18T11:46:28,1,9,0,10
2022-11-18T11:55:52,1,9,0,10
2022-11-18T12:05:09,1,9,0,10
2022-11-18T12:14:24,1,9,0,10
2022-11-18T12:23:40,1,9,0,10
2022-11-18T12:32:54,1,9,0,10
2022-11-18T12:42:19,1,9,0,10
2022-11-18T12:51:33,1,9,0,10
2022-11-18T13:00:47,1,9,0,10
2022-11-18T13:10:02,1,9,0,10
2022-11-18T13:19:18,1,9,0,10
2022-11-18T13:28:45,1,9,0,10
2022-11-18T13:37:57,1,9,0,10
2022-11-18T13:47:11,1,9,0,10
2022-11-18T13:56:25,1,9,0,10
2022-11-18T14:05:52,1,9,0,10
2022-11-18T14:15:08,1,9,0,10
2022-11-18T14:24:23,1,9,0,10
2022-11-18T14:33:38,1,9,0,10
2022-11-18T14:43:03,1,9,0,10
2022-11-18T14:52:18,1,9,0,10
2022-11-18T15:01:34,1,9,0,10
2022-11-18T15:10:48,1,9,0,10
2022-11-18T15:20:04,1,9,0,10
2022-11-18T15:29:30,1,9,0,10
2022-11-18T15:38:46,1,9,0,10
2022-11-18T15:48:02,1,9,0,10
2022-11-18T15:57:17,1,9,0,10
2022-11-18T16:06:33,1,9,0,10
2022-11-18T16:15:58,1,9,0,10
2022-11-18T16:25:12,1,9,0,10
2022-11-18T16:34:26,1,9,0,10
2022-11-18T16:43:39,1,9,0,10
2022-11-18T16:52:52,1,9,0,10
2022-11-18T17:02:09,1,9,0,10
2022-11-18T17:11:36,1,9,0,10
2022-11-18T17:20:50,1,9,0,10
2022-11-18T17:30:03,1,9,0,10
2022-11-18T17:39:16,1,9,0,10
2022-11-18T17:48:30,1,9,0,10
2022-11-18T17:57:43,1,9,0,10
2022-11-18T18:06:59,1,9,0,10
2022-11-18T18:16:13,1,9,0,10
2022-11-18T18:25:36,1,9,0,10
2022-11-18T18:34:49,1,9,0,10
2022-11-18T18:44:02,1,9,0,10
2022-11-18T18:53:13,1,9,0,10
2022-11-18T19:02:26,1,9,0,10
2022-11-18T19:11:39,1,9,0,10
2022-11-18T19:20:51,1,9,0,10
2022-11-18T19:30:13,1,9,0,10
2022-11-18T19:39:25,1,9,0,10
2022-11-18T19:48:37,1,9,0,10
2022-11-18T19:57:49,1,9,0,10
2022-11-18T20:07:01,1,9,0,10
2022-11-18T20:16:15,1,9,0,10
2022-11-18T20:25:27,1,9,0,10
2022-11-18T20:34:40,1,9,0,10
2022-11-18T20:44:02,1,9,0,10
2022-11-18T20:53:14,1,9,0,10
2022-11-18T21:02:26,1,9,0,10
2022-11-18T21:11:38,1,9,0,10
2022-11-18T21:20:49,1,9,0,10
2022-11-18T21:30:01,1,9,0,10
2022-11-18T21:39:11,1,9,0,10
2022-11-18T21:48:31,1,9,0,10
2022-11-18T21:57:41,1,9,0,10
2022-11-18T22:06:51,1,9,0,10
2022-11-18T22:16:02,1,9,0,10
2022-11-18T22:25:12,1,9,0,10
2022-11-18T22:34:24,1,9,0,10
2022-11-18T22:43:34,1,9,0,10
2022-11-18T22:52:43,1,9,0,10
2022-11-18T23:01:53,1,9,0,10
2022-11-18T23:11:03,1,9,0,10
2022-11-18T23:20:14,1,9,0,10
2022-11-18T23:29:35,1,9,0,10
2022-11-18T23:38:45,1,9,0,10
2022-11-18T23:47:56,1,9,0,10
2022-11-18T23:57:07,1,9,0,10
2022-11-19T00:06:19,1,9,0,10
2022-11-19T00:15:32,1,9,0,10
2022-11-19T00:24:45,1,9,0,10
2022-11-19T00:33:57,1,9,0,10
2022-11-19T00:43:12,1,9,0,10
2022-11-19T00:52:25,1,9,0,10
2022-11-19T01:01:38,1,9,0,10
2022-11-19T01:10:53,1,9,0,10
2022-11-19T01:20:05,1,9,0,10
2022-11-19T01:29:18,1,9,0,10
2022-11-19T01:38:40,1,9,0,10
2022-11-19T01:47:51,1,9,0,10
2022-11-19T01:57:02,1,9,0,10
2022-11-19T02:06:13,1,9,0,10
2022-11-19T02:15:24,1,9,0,10
2022-11-19T02:24:34,1,9,0,10
2022-11-19T02:33:44,1,9,0,10
2022-11-19T02:42:55,1,9,0,10
2022-11-19T02:52:05,1,9,0,10
2022-11-19T03:01:17,1,9,0,10
2022-11-19T03:10:28,1,9,0,10
2022-11-19T03:19:38,1,9,0,10
2022-11-19T03:28:48,1,9,0,10
2022-11-19T03:37:58,1,9,0,10
2022-11-19T03:47:14,1,9,0,10
2022-11-19T03:56:26,1,9,0,10
2022-11-19T04:05:39,1,9,0,10
2022-11-19T04:38:06,1,9,0,10
2022-11-19T04:47:21,1,9,0,10
2022-11-19T04:56:33,1,9,0,10
2022-11-19T05:05:44,1,9,0,10
2022-11-19T05:14:58,1,9,0,10
2022-11-19T05:24:10,1,9,0,10
2022-11-19T05:33:23,1,9,0,10
2022-11-19T05:42:37,1,9,0,10
2022-11-19T05:51:50,1,9,0,10
2022-11-19T06:01:05,1,9,0,10
2022-11-19T06:10:19,1,9,0,10
2022-11-19T06:19:34,1,9,0,10
2022-11-19T06:28:48,1,9,0,10
2022-11-19T06:38:01,1,9,0,10
2022-11-19T06:47:16,1,9,0,10
2022-11-19T06:56:30,1,9,0,10
2022-11-19T07:05:44,1,9,0,10
2022-11-19T07:14:59,1,9,0,10
2022-11-19T07:24:14,1,9,0,10
2022-11-19T07:33:31,1,9,0,10
2022-11-19T07:42:53,1,9,0,10
2022-11-19T07:52:08,1,9,0,10
2022-11-19T08:01:22,1,9,0,10
2022-11-19T08:10:36,1,9,0,10
2022-11-19T08:19:50,1,9,0,10
2022-11-19T08:29:05,1,9,0,10
2022-11-19T08:38:18,1,9,0,10
2022-11-19T08:47:32,1,9,0,10
2022-11-19T08:56:45,1,9,0,10
2022-11-19T09:05:58,1,9,0,10
2022-11-19T09:15:12,1,9,0,10
2022-11-19T09:24:26,1,9,0,10
2022-11-19T09:33:39,1,9,0,10
2022-11-19T09:42:52,1,9,0,10
2022-11-19T09:52:23,1,9,0,10
2022-11-19T10:01:36,1,9,0,10
2022-11-19T10:10:49,1,9,0,10
2022-11-19T10:20:02,1,9,0,10
2022-11-19T10:29:14,1,9,0,10
2022-11-19T10:38:26,1,9,0,10
2022-11-19T10:47:38,1,9,0,10
2022-11-19T10:56:49,1,9,0,10
2022-11-19T11:06:01,1,9,0,10
2022-11-19T11:15:14,1,9,0,10
2022-11-19T11:24:25,1,9,0,10
2022-11-19T11:33:37,1,9,0,10
2022-11-19T11:42:48,1,9,0,10
2022-11-19T11:51:59,1,9,0,10
2022-11-19T12:01:20,1,9,0,10
2022-11-19T12:10:32,1,9,0,10
2022-11-19T12:19:45,1,9,0,10
2022-11-19T12:28:56,1,9,0,10
2022-11-19T12:38:08,1,9,0,10
2022-11-19T12:47:19,1,9,0,10
2022-11-19T12:56:31,1,9,0,10
2022-11-19T13:05:42,1,9,0,10
2022-11-19T13:14:53,1,9,0,10
2022-11-19T13:24:04,1,9,0,10
2022-11-19T13:33:30,1,9,0,10
2022-11-19T13:42:42,1,9,0,10
2022-11-19T13:51:54,1,9,0,10
2022-11-19T14:01:07,1,9,0,10
2022-11-19T14:10:19,1,9,0,10
2022-11-19T14:19:32,1,9,0,10
2022-11-19T14:28:46,1,9,0,10
2022-11-19T14:38:05,1,9,0,10
2022-11-19T14:47:23,1,9,0,10
2022-11-19T14:56:41,1,9,0,10
2022-11-19T15:06:09,1,9,0,10
2022-11-19T15:15:27,1,9,0,10
2022-11-19T15:24:46,1,9,0,10
2022-11-19T15:34:04,1,9,0,10
2022-11-19T15:43:23,1,9,0,10
2022-11-19T15:52:42,1,9,0,10
2022-11-19T16:01:57,1,9,0,10
2022-11-19T16:11:12,1,9,0,10
2022-11-19T16:20:27,1,9,0,10
2022-11-19T16:29:39,1,9,0,10
2022-11-19T16:38:51,1,9,0,10
2022-11-19T16:48:01,1,9,0,10
2022-11-19T16:57:13,1,9,0,10
2022-11-19T17:06:35,1,9,0,10
2022-11-19T17:15:48,1,9,0,10
2022-11-19T17:25:00,1,9,0,10
2022-11-19T17:34:11,1,9,0,10
2022-11-19T17:43:22,1,9,0,10
2022-11-19T17:52:33,1,9,0,10
2022-11-19T18:01:45,1,9,0,10
2022-11-19T18:10:58,1,9,0,10
2022-11-19T18:20:10,1,9,0,10
2022-11-19T18:29:22,1,9,0,10
2022-11-19T18:38:35,1,9,0,10
2022-11-19T18:47:47,1,9,0,10
2022-11-19T18:56:59,1,9,0,10
2022-11-19T19:06:10,1,9,0,10
2022-11-19T19:15:22,1,9,0,10
2022-11-19T19:24:54,1,9,0,10
2022-11-19T19:34:05,1,9,0,10
2022-11-19T19:43:17,1,9,0,10
2022-11-19T19:52:29,1,9,0,10
2022-11-19T20:01:42,1,9,0,10
2022-11-19T20:10:54,1,9,0,10
2022-11-19T20:20:06,1,9,0,10
2022-11-19T20:29:21,1,9,0,10
2022-11-19T20:38:33,1,9,0,10
2022-11-19T20:47:45,1,9,0,10
2022-11-19T20:56:57,1,9,0,10
2022-11-19T21:06:09,1,9,0,10
2022-11-19T21:15:21,1,9,0,10
2022-11-19T21:24:34,1,9,0,10
2022-11-19T21:33:56,1,9,0,10
2022-11-19T21:43:09,1,9,0,10
2022-11-19T21:52:22,1,9,0,10
2022-11-19T22:01:33,1,9,0,10
2022-11-19T22:10:45,1,9,0,10
2022-11-19T22:19:57,1,9,0,10
2022-11-19T22:29:09,1,9,0,10
2022-11-19T22:38:21,1,9,0,10
2022-11-19T22:47:33,1,9,0,10
2022-11-19T22:56:45,1,9,0,10
2022-11-19T23:05:58,1,9,0,10
2022-11-19T23:15:10,1,9,0,10
2022-11-19T23:24:23,1,9,0,10
2022-11-19T23:33:35,1,9,0,10
2022-11-19T23:42:47,1,9,0,10
2022-11-19T23:51:58,1,9,0,10
2022-11-20T00:01:09,1,9,0,10
2022-11-20T00:10:38,1,9,0,10
2022-11-20T00:19:49,1,9,0,10
2022-11-20T01:11:13,1,9,0,10
2022-11-20T01:20:25,1,9,0,10
2022-11-20T01:29:38,1,9,0,10
2022-11-20T01:38:50,1,9,0,10
2022-11-20T01:48:02,1,9,0,10
2022-11-20T01:57:15,1,9,0,10
2022-11-20T02:06:30,1,9,0,10
2022-11-20T02:15:45,1,9,0,10
2022-11-20T02:25:10,1,9,0,10
2022-11-20T02:34:26,1,9,0,10
2022-11-20T02:43:40,1,9,0,10
2022-11-20T02:52:54,1,9,0,10
2022-11-20T03:02:09,1,9,0,10
2022-11-20T03:11:25,1,9,0,10
2022-11-20T03:20:45,1,9,0,10
2022-11-20T03:29:58,1,9,0,10
2022-11-20T03:39:13,1,9,0,10
2022-11-20T03:48:26,1,9,0,10
2022-11-20T03:57:40,1,9,0,10
2022-11-20T04:22:50,1,9,0,10
2022-11-20T04:33:17,1,9,0,10
2022-11-20T04:42:48,1,9,0,10
2022-11-20T04:52:03,1,9,0,10
2022-11-20T05:01:17,1,9,0,10
2022-11-20T05:10:29,1,9,0,10
2022-11-20T05:19:41,1,9,0,10
2022-11-20T05:28:52,1,9,0,10
2022-11-20T05:38:04,1,9,0,10
2022-11-20T05:47:17,1,9,0,10
2022-11-20T05:56:31,1,9,0,10
2022-11-20T06:05:48,1,9,0,10
2022-11-20T06:15:04,1,9,0,10
2022-11-20T06:24:18,1,9,0,10
2022-11-20T06:33:31,1,9,0,10
2022-11-20T06:42:44,1,9,0,10
2022-11-20T06:51:57,1,9,0,10
2022-11-20T07:01:09,1,9,0,10
2022-11-20T07:10:23,1,9,0,10
2022-11-20T07:19:36,1,9,0,10
2022-11-20T07:28:50,1,9,0,10
2022-11-20T07:38:08,1,9,0,10
2022-11-20T07:47:22,1,9,0,10
2022-11-20T07:56:36,1,9,0,10
2022-11-20T08:05:50,1,9,0,10
2022-11-20T08:15:04,1,9,0,10
2022-11-20T08:24:17,1,9,0,10
2022-11-20T08:33:32,1,9,0,10
2022-11-20T08:42:44,1,9,0,10
2022-11-20T08:51:57,1,9,0,10
2022-11-20T09:01:09,1,9,0,10
2022-11-20T09:10:25,1,9,0,10
2022-11-20T09:19:36,1,9,0,10
2022-11-20T09:28:49,1,9,0,10
2022-11-20T09:38:11,1,9,0,10
2022-11-20T09:47:25,1,9,0,10
2022-11-20T09:56:38,1,9,0,10
2022-11-20T10:05:49,1,9,0,10
2022-11-20T10:14:59,1,9,0,10
2022-11-20T10:24:08,1,9,0,10
2022-11-20T10:33:18,1,9,0,10
2022-11-20T10:42:28,1,9,0,10
2022-11-20T10:51:37,1,9,0,10
2022-11-20T11:00:47,1,9,0,10
2022-11-20T11:09:56,1,9,0,10
2022-11-20T11:19:06,1,9,0,10
2022-11-20T11:28:16,1,9,0,10
2022-11-20T11:37:25,1,9,0,10
2022-11-20T11:46:35,1,9,0,10
2022-11-20T11:55:45,1,9,0,10
2022-11-20T12:04:55,1,9,0,10
2022-11-20T12:14:06,1,9,0,10
2022-11-20T12:23:17,1,9,0,10
2022-11-20T12:32:28,1,9,0,10
2022-11-20T12:41:39,1,9,0,10
2022-11-20T12:51:01,1,9,0,10
2022-11-20T13:00:12,1,9,0,10
2022-11-20T13:09:22,1,9,0,10
2022-11-20T13:18:32,1,9,0,10
2022-11-20T13:27:42,1,9,0,10
2022-11-20T13:36:52,1,9,0,10
2022-11-20T13:46:01,1,9,0,10
2022-11-20T13:55:11,1,9,0,10
2022-11-20T14:04:21,1,9,0,10
2022-11-20T14:13:30,1,9,0,10
2022-11-20T14:22:40,1,9,0,10
2022-11-20T14:31:50,1,9,0,10
2022-11-20T14:40:59,1,9,0,10
2022-11-20T14:50:09,1,9,0,10
2022-11-20T14:59:28,1,9,0,10
2022-11-20T15:08:38,1,9,0,10
2022-11-20T15:17:47,1,9,0,10
2022-11-20T15:26:57,1,9,0,10
2022-11-20T15:36:06,1,9,0,10
2022-11-20T15:45:16,1,9,0,10
2022-11-20T15:54:26,1,9,0,10
2022-11-20T16:03:35,1,9,0,10
2022-11-20T16:12:45,1,9,0,10
2022-11-20T16:21:55,1,9,0,10
2022-11-20T16:31:05,1,9,0,10
2022-11-20T16:40:15,1,9,0,10
2022-11-20T16:49:24,1,9,0,10
2022-11-20T16:58:44,1,9,0,10
2022-11-20T17:07:54,1,9,0,10
2022-11-20T17:17:05,1,9,0,10
2022-11-20T17:26:14,1,9,0,10
2022-11-20T17:41:42,1,9,0,10
2022-11-20T17:50:52,1,9,0,10
2022-11-20T18:00:03,1,9,0,10
2022-11-20T18:09:13,1,9,0,10
2022-11-20T18:18:24,1,9,0,10
2022-11-20T18:27:34,1,9,0,10
2022-11-20T18:36:44,1,9,0,10
2022-11-20T18:45:55,1,9,0,10
2022-11-20T18:55:15,1,9,0,10
2022-11-20T19:04:26,1,9,0,10
2022-11-20T19:13:38,1,9,0,10
2022-11-20T19:22:48,1,9,0,10
2022-11-20T19:31:58,1,9,0,10
2022-11-20T19:41:08,1,9,0,10
2022-11-20T19:50:18,1,9,0,10
2022-11-20T19:59:28,1,9,0,10
2022-11-20T20:08:38,1,9,0,10
2022-11-20T20:17:58,1,9,0,10
2022-11-20T20:27:08,1,9,0,10
2022-11-20T20:36:18,1,9,0,10
2022-11-20T20:45:27,1,9,0,10
2022-11-20T20:54:37,1,9,0,10
2022-11-20T21:03:46,1,9,0,10
2022-11-20T21:12:56,1,9,0,10
2022-11-20T21:22:07,1,9,0,10
2022-11-20T21:31:17,1,9,0,10
2022-11-20T21:40:27,1,9,0,10
2022-11-20T21:49:37,1,9,0,10
2022-11-20T21:58:57,1,9,0,10
2022-11-20T22:08:08,1,9,0,10
2022-11-20T22:17:19,1,9,0,10
2022-11-20T22:26:29,1,9,0,10
2022-11-20T22:35:39,1,9,0,10
2022-11-20T22:44:49,1,9,0,10
2022-11-20T22:53:59,1,9,0,10
2022-11-20T23:03:09,1,9,0,10
2022-11-20T23:12:19,1,9,0,10
2022-11-20T23:21:29,1,9,0,10
2022-11-20T23:30:41,1,9,0,10
2022-11-20T23:40:01,1,9,0,10
2022-11-20T23:49:12,1,9,0,10
2022-11-20T23:58:23,1,9,0,10
2022-11-21T00:07:36,1,9,0,10
2022-11-21T00:16:51,1,9,0,10
2022-11-21T00:26:06,1,9,0,10
2022-11-21T00:35:22,1,9,0,10
2022-11-21T00:44:35,1,9,0,10
2022-11-21T00:53:47,1,9,0,10
2022-11-21T01:03:00,1,9,0,10
2022-11-21T01:12:19,1,9,0,10
2022-11-21T01:21:33,1,9,0,10
2022-11-21T01:30:47,1,9,0,10
2022-11-21T01:40:01,1,9,0,10
2022-11-21T01:49:15,1,9,0,10
2022-11-21T01:58:29,1,9,0,10
2022-11-21T02:07:43,1,9,0,10
2022-11-21T02:16:57,1,9,0,10
2022-11-21T02:26:11,1,9,0,10
2022-11-21T02:35:25,1,9,0,10
2022-11-21T02:44:47,1,9,0,10
2022-11-21T02:53:59,1,9,0,10
2022-11-21T03:03:11,1,9,0,10
2022-11-21T03:12:29,1,9,0,10
2022-11-21T03:21:40,1,9,0,10
2022-11-21T03:30:53,1,9,0,10
2022-11-21T03:40:06,1,9,0,10
2022-11-21T03:49:20,1,9,0,10
2022-11-21T03:58:34,1,9,0,10
2022-11-21T04:07:49,1,9,0,10
2022-11-21T04:29:47,1,9,0,10
2022-11-21T04:39:01,1,9,0,10
2022-11-21T04:49:44,1,9,0,10
2022-11-21T04:58:58,1,9,0,10
2022-11-21T05:08:09,1,9,0,10
2022-11-21T05:17:23,1,9,0,10
2022-11-21T05:26:34,1,9,0,10
2022-11-21T05:35:44,1,9,0,10
2022-11-21T05:44:56,1,9,0,10
2022-11-21T05:54:09,1,9,0,10
2022-11-21T06:03:24,1,9,0,10
2022-11-21T06:12:39,1,9,0,10
2022-11-21T06:21:53,1,9,0,10
2022-11-21T06:31:06,1,9,0,10
2022-11-21T06:40:18,1,9,0,10
2022-11-21T06:49:31,1,9,0,10
2022-11-21T06:58:43,1,9,0,10
2022-11-21T07:07:56,1,9,0,10
2022-11-21T07:17:09,1,9,0,10
2022-11-21T07:26:23,1,9,0,10
2022-11-21T07:35:37,1,9,0,10
2022-11-21T07:44:50,1,9,0,10
2022-11-21T07:54:08,1,9,0,10
2022-11-21T08:03:22,1,9,0,10
2022-11-21T08:12:37,1,9,0,10
2022-11-21T08:21:54,1,9,0,10
2022-11-21T08:31:19,1,9,0,10
2022-11-21T08:40:33,1,9,0,10
2022-11-21T08:49:47,1,9,0,10
2022-11-21T08:59:00,1,9,0,10
2022-11-21T09:08:14,1,9,0,10
2022-11-21T09:17:28,1,9,0,10
2022-11-21T09:26:41,1,9,0,10
2022-11-21T09:35:54,1,9,0,10
2022-11-21T09:45:08,1,9,0,10
2022-11-21T09:54:21,1,9,0,10
2022-11-21T10:03:37,1,9,0,10
2022-11-21T10:12:52,1,9,0,10
2022-11-21T10:22:07,1,9,0,10
2022-11-21T10:31:22,1,9,0,10
2022-11-21T10:40:38,1,9,0,10
2022-11-21T10:50:03,1,9,0,10
2022-11-21T10:59:17,1,9,0,10
2022-11-21T11:08:31,1,9,0,10
2022-11-21T11:18:02,1,9,0,10
2022-11-21T11:27:17,1,9,0,10
2022-11-21T11:36:32,1,9,0,10
2022-11-21T11:45:46,1,9,0,10
2022-11-21T11:55:12,1,9,0,10
2022-11-21T12:04:28,1,9,0,10
2022-11-21T12:13:43,1,9,0,10
2022-11-21T12:22:57,1,9,0,10
2022-11-21T12:32:13,1,9,0,10
2022-11-21T12:41:30,1,9,0,10
2022-11-21T12:50:47,1,9,0,10
2022-11-21T13:00:08,1,9,0,10
2022-11-21T13:09:30,1,9,0,10
2022-11-21T13:18:45,1,9,0,10
2022-11-21T13:28:09,1,9,0,10
2022-11-21T13:37:23,1,9,0,10
2022-11-21T13:46:37,1,9,0,10
2022-11-21T13:55:53,1,9,0,10
2022-11-21T14:05:09,1,9,0,10
2022-11-21T14:14:24,1,9,0,10
2022-11-21T14:23:39,1,9,0,10
2022-11-21T14:33:04,1,9,0,10
2022-11-21T14:42:21,1,9,0,10
2022-11-21T14:51:37,1,9,0,10
2022-11-21T15:00:52,1,9,0,10
2022-11-21T15:10:08,1,9,0,10
2022-11-21T15:19:25,1,9,0,10
2022-11-21T15:28:39,1,9,0,10
2022-11-21T15:38:04,1,9,0,10
2022-11-21T15:47:19,1,9,0,10
2022-11-21T15:56:33,1,9,0,10
2022-11-21T16:05:49,1,9,0,10
2022-11-21T16:15:03,1,9,0,10
2022-11-21T16:24:17,1,9,0,10
2022-11-21T16:33:31,1,9,0,10
2022-11-21T16:42:47,1,9,0,10
2022-11-21T16:52:13,1,9,0,10
2022-11-21T17:01:28,1,9,0,10
2022-11-21T17:10:44,1,9,0,10
2022-11-21T17:19:59,1,9,0,10
2022-11-21T17:29:14,1,9,0,10
2022-11-21T17:38:27,1,9,0,10
2022-11-21T17:47:42,1,9,0,10
2022-11-21T17:56:57,1,9,0,10
2022-11-21T18:06:12,1,9,0,10
2022-11-21T18:15:37,1,9,0,10
2022-11-21T18:24:52,1,9,0,10
2022-11-21T18:34:07,1,9,0,10
2022-11-21T18:43:23,1,9,0,10
2022-11-21T18:52:37,1,9,0,10
2022-11-21T19:01:52,1,9,0,10
2022-11-21T19:11:07,1,9,0,10
2022-11-21T19:20:20,1,9,0,10
2022-11-21T19:29:42,1,9,0,10
2022-11-21T19:38:55,1,9,0,10
2022-11-21T19:48:08,1,9,0,10
2022-11-21T19:57:21,1,9,0,10
2022-11-21T20:06:33,1,9,0,10
2022-11-21T20:15:46,1,9,0,10
2022-11-21T20:25:00,1,9,0,10
2022-11-21T20:34:14,1,9,0,10
2022-11-21T20:43:27,1,9,0,10
2022-11-21T20:52:48,1,9,0,10
2022-11-21T21:02:01,1,9,0,10
2022-11-21T21:11:14,1,9,0,10
2022-11-21T21:20:27,1,9,0,10
2022-11-21T21:29:40,1,9,0,10
2022-11-21T21:38:53,1,9,0,10
2022-11-21T21:48:06,1,9,0,10
2022-11-21T21:57:18,1,9,0,10
2022-11-21T22:06:31,1,9,0,10
2022-11-21T22:15:44,1,9,0,10
2022-11-21T22:24:57,1,9,0,10
2022-11-21T22:34:10,1,9,0,10
2022-11-21T22:43:34,1,9,0,10
2022-11-21T22:52:47,1,9,0,10
2022-11-21T23:02:00,1,9,0,10
2022-11-21T23:11:14,1,9,0,10
2022-11-21T23:20:27,1,9,0,10
2022-11-21T23:29:41,1,9,0,10
2022-11-21T23:38:54,1,9,0,10
2022-11-21T23:48:07,1,9,0,10
2022-11-21T23:57:21,1,9,0,10
2022-11-22T00:06:36,1,9,0,10
2022-11-22T00:15:51,1,9,0,10
2022-11-22T00:25:06,1,9,0,10
2022-11-22T00:34:31,1,9,0,10
2022-11-22T00:43:47,1,9,0,10
2022-11-22T00:53:04,1,9,0,10
2022-11-22T01:02:18,1,9,0,10
2022-11-22T01:11:35,1,9,0,10
2022-11-22T01:20:50,1,9,0,10
2022-11-22T01:30:04,1,9,0,10
2022-11-22T01:39:21,1,9,0,10
2022-11-22T01:48:35,1,9,0,10
2022-11-22T01:57:51,1,9,0,10
2022-11-22T02:07:06,1,9,0,10
2022-11-22T02:16:19,1,9,0,10
2022-11-22T02:25:33,1,9,0,10
2022-11-22T02:34:47,1,9,0,10
2022-11-22T02:44:12,1,9,0,10
2022-11-22T02:53:25,1,9,0,10
2022-11-22T03:02:37,1,9,0,10
2022-11-22T03:11:51,1,9,0,10
2022-11-22T03:21:03,1,9,0,10
2022-11-22T03:30:16,1,9,0,10
2022-11-22T03:39:34,1,9,0,10
2022-11-22T03:48:51,1,9,0,10
2022-11-22T03:58:06,1,9,0,10
2022-11-22T04:21:52,1,9,0,10
2022-11-22T04:31:08,1,9,0,10
2022-11-22T04:41:59,1,9,0,10
2022-11-22T04:51:16,1,9,0,10
2022-11-22T05:00:31,1,9,0,10
2022-11-22T05:09:46,1,9,0,10
2022-11-22T05:19:02,1,9,0,10
2022-11-22T05:28:17,1,9,0,10
2022-11-22T05:37:32,1,9,0,10
2022-11-22T05:46:49,1,9,0,10
2022-11-22T05:56:06,1,9,0,10
2022-11-22T06:05:24,1,9,0,10
2022-11-22T06:14:42,1,9,0,10
2022-11-22T06:23:59,1,9,0,10
2022-11-22T06:33:15,1,9,0,10
2022-11-22T06:42:29,1,9,0,10
2022-11-22T06:51:43,1,9,0,10
2022-11-22T07:00:58,1,9,0,10
2022-11-22T07:10:17,1,9,0,10
2022-11-22T07:19:32,1,9,0,10
2022-11-22T07:28:48,1,9,0,10
2022-11-22T07:38:04,1,9,0,10
2022-11-22T07:47:20,1,9,0,10
2022-11-22T07:56:36,1,9,0,10
2022-11-22T08:05:53,1,9,0,10
2022-11-22T08:15:11,1,9,0,10
2022-11-22T08:24:27,1,9,0,10
2022-11-22T08:34:12,1,9,0,10
2022-11-22T08:43:28,1,9,0,10
2022-11-22T08:52:43,1,9,0,10
2022-11-22T09:01:59,1,9,0,10
2022-11-22T09:11:15,1,9,0,10
2022-11-22T09:20:30,1,9,0,10
2022-11-22T09:29:46,1,9,0,10
2022-11-22T09:39:02,1,9,0,10
2022-11-22T09:48:17,1,9,0,10
2022-11-22T09:57:33,1,9,0,10
2022-11-22T10:06:50,1,9,0,10
2022-11-22T10:16:05,1,9,0,10
2022-11-22T10:25:25,1,9,0,10
2022-11-22T10:34:42,1,9,0,10
2022-11-22T10:43:58,1,9,0,10
2022-11-22T10:53:25,1,9,0,10
2022-11-22T11:02:42,1,9,0,10
2022-11-22T11:11:59,1,9,0,10
2022-11-22T11:21:16,1,9,0,10
2022-11-22T11:30:33,1,9,0,10
2022-11-22T11:39:50,1,9,0,10
2022-11-22T11:49:07,1,9,0,10
2022-11-22T11:58:23,1,9,0,10
2022-11-22T12:07:52,1,9,0,10
2022-11-22T12:17:08,1,9,0,10
2022-11-22T12:26:26,1,9,0,10
2022-11-22T12:35:45,1,9,0,10
2022-11-22T12:45:02,1,9,0,10
2022-11-22T12:54:19,1,9,0,10
2022-11-22T13:03:36,1,9,0,10
2022-11-22T13:12:54,1,9,0,10
2022-11-22T13:22:12,1,9,0,10
2022-11-22T13:32:02,1,9,0,10
2022-11-22T13:41:19,1,9,0,10
2022-11-22T13:50:37,1,9,0,10
2022-11-22T13:59:57,1,9,0,10
2022-11-22T14:09:14,1,9,0,10
2022-11-22T14:18:32,1,9,0,10
2022-11-22T14:27:49,1,9,0,10
2022-11-22T14:37:19,1,9,0,10
2022-11-22T14:46:37,1,9,0,10
2022-11-22T14:55:55,1,9,0,10
2022-11-22T15:05:12,1,9,0,10
2022-11-22T15:14:29,1,9,0,10
2022-11-22T15:23:46,1,9,0,10
2022-11-22T15:33:02,1,9,0,10
2022-11-22T15:42:19,1,9,0,10
2022-11-22T15:51:47,1,9,0,10
2022-11-22T16:01:03,1,9,0,10
2022-11-22T16:10:19,1,9,0,10
2022-11-22T16:19:36,1,9,0,10
2022-11-22T16:28:53,1,9,0,10
2022-11-22T16:38:10,1,9,0,10
2022-11-22T16:47:25,1,9,0,10
2022-11-22T16:56:41,1,9,0,10
2022-11-22T17:05:58,1,9,0,10
2022-11-22T17:15:14,1,9,0,10
2022-11-22T17:24:56,1,9,0,10
2022-11-22T17:34:12,1,9,0,10
2022-11-22T17:43:30,1,9,0,10
2022-11-22T17:52:48,1,9,0,10
2022-11-22T18:02:05,1,9,0,10
2022-11-22T18:11:23,1,9,0,10
2022-11-22T18:20:39,2,8,0,10
2022-11-22T18:29:55,2,8,0,10
2022-11-22T18:39:12,2,8,0,10
2022-11-22T18:48:28,2,8,0,10
2022-11-22T18:57:56,2,8,0,10
2022-11-22T19:07:13,2,8,0,10
2022-11-22T19:16:28,2,8,0,10
2022-11-22T19:25:43,2,8,0,10
2022-11-22T19:34:59,2,8,0,10
2022-11-22T19:44:14,2,8,0,10
2022-11-22T19:53:27,2,8,0,10
2022-11-22T20:02:42,2,8,0,10
2022-11-22T20:11:56,2,8,0,10
2022-11-22T20:21:19,2,8,0,10
2022-11-22T20:30:34,2,8,0,10
2022-11-22T20:39:48,2,8,0,10
2022-11-22T20:49:02,2,8,0,10
2022-11-22T20:58:16,2,8,0,10
2022-11-22T21:07:30,2,8,0,10
2022-11-22T21:16:43,2,8,0,10
2022-11-22T21:25:57,2,8,0,10
2022-11-22T21:35:12,2,8,0,10
2022-11-22T21:44:25,2,8,0,10
2022-11-22T21:53:38,2,8,0,10
2022-11-22T22:02:51,2,8,0,10
2022-11-22T22:12:05,2,8,0,10
2022-11-22T22:21:18,2,8,0,10
2022-11-22T22:30:31,2,8,0,10
2022-11-22T22:39:44,2,8,0,10
2022-11-22T22:49:07,2,8,0,10
2022-11-22T22:58:20,2,8,0,10
2022-11-22T23:07:34,2,8,0,10
2022-11-22T23:16:47,2,8,0,10
2022-11-22T23:26:00,2,8,0,10
2022-11-22T23:35:13,2,8,0,10
2022-11-22T23:44:27,2,8,0,10
2022-11-22T23:53:40,2,8,0,10
2022-11-23T00:02:53,2,8,0,10
2022-11-23T00:12:08,2,8,0,10
2022-11-23T00:21:24,2,8,0,10
2022-11-23T00:30:39,2,8,0,10
2022-11-23T00:39:56,2,8,0,10
2022-11-23T00:49:12,2,8,0,10
2022-11-23T00:58:28,2,8,0,10
2022-11-23T01:07:46,2,8,0,10
2022-11-23T01:17:12,2,8,0,10
2022-11-23T01:26:30,2,8,0,10
2022-11-23T01:35:46,2,8,0,10
2022-11-23T01:45:03,2,8,0,10
2022-11-23T01:54:19,2,8,0,10
2022-11-23T02:03:35,2,8,0,10
2022-11-23T02:12:50,2,8,0,10
2022-11-23T02:22:04,2,8,0,10
2022-11-23T02:31:21,2,8,0,10
2022-11-23T02:40:37,2,8,0,10
2022-11-23T02:49:52,2,8,0,10
2022-11-23T02:59:08,2,8,0,10
2022-11-23T03:08:22,2,8,0,10
2022-11-23T03:17:36,2,8,0,10
2022-11-23T03:26:50,2,8,0,10
2022-11-23T03:36:04,2,8,0,10
2022-11-23T03:45:20,2,8,0,10
2022-11-23T03:54:36,2,8,0,10
2022-11-23T04:03:51,2,8,0,10
2022-11-23T04:27:28,2,8,0,10
2022-11-23T04:36:47,2,8,0,10
2022-11-23T04:46:04,2,8,0,10
2022-11-23T04:55:21,2,8,0,10
2022-11-23T05:04:35,2,8,0,10
2022-11-23T05:13:49,2,8,0,10
2022-11-23T05:23:02,2,8,0,10
2022-11-23T05:32:14,2,8,0,10
2022-11-23T05:42:54,2,8,0,10
2022-11-23T05:52:30,2,8,0,10
2022-11-23T06:01:48,2,8,0,10
2022-11-23T06:11:06,2,8,0,10
2022-11-23T06:20:23,2,8,0,10
2022-11-23T06:29:40,2,8,0,10
2022-11-23T06:38:55,2,8,0,10
2022-11-23T06:48:10,2,8,0,10
2022-11-23T06:57:25,2,8,0,10
2022-11-23T07:06:41,2,8,0,10
2022-11-23T07:15:56,2,8,0,10
2022-11-23T07:25:12,2,8,0,10
2022-11-23T07:34:28,2,8,0,10
2022-11-23T07:43:45,2,8,0,10
2022-11-23T07:53:02,2,8,0,10
2022-11-23T08:02:18,2,8,0,10
2022-11-23T08:11:34,2,8,0,10
2022-11-23T08:20:51,2,8,0,10
2022-11-23T08:30:08,2,8,0,10
2022-11-23T08:39:33,2,8,0,10
2022-11-23T08:48:49,2,8,0,10
2022-11-23T08:58:06,2,8,0,10
2022-11-23T09:07:22,2,8,0,10
2022-11-23T09:16:38,2,8,0,10
2022-11-23T09:25:54,2,8,0,10
2022-11-23T09:35:10,2,8,0,10
2022-11-23T09:44:27,2,8,0,10
2022-11-23T09:53:43,2,8,0,10
2022-11-23T10:02:59,2,8,0,10
2022-11-23T10:12:15,2,8,0,10
2022-11-23T10:21:31,2,8,0,10
2022-11-23T10:30:47,2,8,0,10
2022-11-23T10:40:03,2,8,0,10
2022-11-23T10:49:19,2,8,0,10
2022-11-23T10:58:34,2,8,0,10
2022-11-23T11:07:50,2,8,0,10
2022-11-23T11:17:06,2,8,0,10
2022-11-23T11:26:22,2,8,0,10
2022-11-23T11:35:51,2,8,0,10
2022-11-23T11:45:06,2,8,0,10
2022-11-23T11:54:22,2,8,0,10
2022-11-23T12:03:39,2,8,0,10
2022-11-23T12:12:55,2,8,0,10
2022-11-23T12:22:11,2,8,0,10
2022-11-23T12:31:27,2,8,0,10
2022-11-23T12:40:43,2,8,0,10
2022-11-23T12:49:59,2,8,0,10
2022-11-23T12:59:18,2,8,0,10
2022-11-23T13:08:35,2,8,0,10
2022-11-23T13:18:02,2,8,0,10
2022-11-23T13:27:18,2,8,0,10
2022-11-23T13:36:35,2,8,0,10
2022-11-23T13:45:51,2,8,0,10
2022-11-23T13:55:08,2,8,0,10
2022-11-23T14:04:26,2,8,0,10
2022-11-23T14:13:44,2,8,0,10
2022-11-23T14:23:02,2,8,0,10
2022-11-23T14:32:19,2,8,0,10
2022-11-23T14:41:36,2,8,0,10
2022-11-23T14:50:53,2,8,0,10
2022-11-23T15:00:19,2,8,0,10
2022-11-23T15:09:35,2,8,0,10
2022-11-23T15:18:52,2,8,0,10
2022-11-23T15:28:08,2,8,0,10
2022-11-23T15:37:25,2,8,0,10
2022-11-23T15:46:42,2,8,0,10
2022-11-23T15:55:59,2,8,0,10
2022-11-23T16:05:16,2,8,0,10
2022-11-23T16:14:31,2,8,0,10
2022-11-23T16:23:47,2,8,0,10
2022-11-23T16:33:03,2,8,0,10
2022-11-23T16:42:19,2,8,0,10
2022-11-23T16:51:35,2,8,0,10
2022-11-23T17:00:51,2,8,0,10
2022-11-23T17:10:07,2,8,0,10
2022-11-23T17:19:23,2,8,0,10
2022-11-23T17:28:49,2,8,0,10
2022-11-23T17:38:05,2,8,0,10
2022-11-23T17:47:20,2,8,0,10
2022-11-23T17:56:36,2,8,0,10
2022-11-23T18:05:51,2,8,0,10
2022-11-23T18:15:07,2,8,0,10
2022-11-23T18:24:22,2,8,0,10
2022-11-23T18:33:40,2,8,0,10
2022-11-23T18:42:57,2,8,0,10
2022-11-23T18:52:14,2,8,0,10
2022-11-23T19:01:30,2,8,0,10
2022-11-23T19:10:47,2,8,0,10
2022-11-23T19:20:04,2,8,0,10
2022-11-23T19:29:22,2,8,0,10
2022-11-23T19:38:39,2,8,0,10
2022-11-23T19:47:56,2,8,0,10
2022-11-23T19:57:13,2,8,0,10
2022-11-23T20:06:30,2,8,0,10
2022-11-23T20:15:57,2,8,0,10
2022-11-23T20:25:14,2,8,0,10
2022-11-23T20:34:32,2,8,0,10
2022-11-23T20:43:49,2,8,0,10
2022-11-23T20:53:05,2,8,0,10
2022-11-23T21:02:22,2,8,0,10
2022-11-23T21:11:39,2,8,0,10
2022-11-23T21:20:55,2,8,0,10
2022-11-23T21:30:12,2,8,0,10
2022-11-23T21:39:29,2,8,0,10
2022-11-23T21:48:44,2,8,0,10
2022-11-23T21:58:01,2,8,0,10
2022-11-23T22:07:17,2,8,0,10
2022-11-23T22:16:35,2,8,0,10
2022-11-23T22:25:52,2,8,0,10
2022-11-23T22:35:09,2,8,0,10
2022-11-23T22:44:26,2,8,0,10
2022-11-23T22:53:42,2,8,0,10
2022-11-23T23:02:59,2,8,0,10
2022-11-23T23:12:16,2,8,0,10
2022-11-23T23:21:33,2,8,0,10
2022-11-23T23:30:50,2,8,0,10
2022-11-23T23:40:18,2,8,0,10
2022-11-23T23:49:34,2,8,0,10
2022-11-23T23:58:51,2,8,0,10
2022-11-24T00:08:10,2,8,0,10
2022-11-24T00:17:30,2,8,0,10
2022-11-24T00:26:49,2,8,0,10
2022-11-24T00:36:09,2,8,0,10
2022-11-24T00:45:30,2,8,0,10
2022-11-24T00:54:50,2,8,0,10
2022-11-24T01:04:09,2,8,0,10
2022-11-24T01:13:31,2,8,0,10
2022-11-24T01:22:51,2,8,0,10
2022-11-24T01:32:09,2,8,0,10
2022-11-24T01:41:27,2,8,0,10
2022-11-24T01:50:43,2,8,0,10
2022-11-24T02:00:01,2,8,0,10
2022-11-24T02:09:20,2,8,0,10
2022-11-24T02:18:40,2,8,0,10
2022-11-24T02:27:58,2,8,0,10
2022-11-24T02:37:21,2,8,0,10
2022-11-24T02:46:40,2,8,0,10
2022-11-24T02:55:58,2,8,0,10
2022-11-24T03:05:15,2,8,0,10
2022-11-24T03:14:32,2,8,0,10
2022-11-24T03:23:48,2,8,0,10
2022-11-24T03:33:05,2,8,0,10
2022-11-24T03:42:25,2,8,0,10
2022-11-24T03:51:44,2,8,0,10
2022-11-24T04:01:04,2,8,0,10
2022-11-24T04:10:27,2,8,0,10
2022-11-24T04:28:59,2,8,0,10
2022-11-24T04:38:20,2,8,0,10
2022-11-24T04:48:50,2,8,0,10
2022-11-24T04:58:29,2,8,0,10
2022-11-24T05:07:49,2,8,0,10
2022-11-24T05:17:12,2,8,0,10
2022-11-24T05:26:33,2,8,0,10
2022-11-24T05:35:54,2,8,0,10
2022-11-24T05:45:15,2,8,0,10
2022-11-24T05:54:37,2,8,0,10
2022-11-24T06:04:00,2,8,0,10
2022-11-24T06:13:21,2,8,0,10
2022-11-24T06:22:43,2,8,0,10
2022-11-24T06:32:05,2,8,0,10
2022-11-24T06:41:28,2,8,0,10
2022-11-24T06:50:50,2,8,0,10
2022-11-24T07:00:12,2,8,0,10
2022-11-24T07:09:37,2,8,0,10
2022-11-24T07:19:00,2,8,0,10
2022-11-24T07:28:23,2,8,0,10
2022-11-24T07:37:46,2,8,0,10
2022-11-24T07:47:09,2,8,0,10
2022-11-24T07:56:32,2,8,0,10
2022-11-24T08:05:55,2,8,0,10
2022-11-24T08:15:18,2,8,0,10
2022-11-24T08:24:40,2,8,0,10
2022-11-24T08:34:02,2,8,0,10
2022-11-24T08:43:24,2,8,0,10
2022-11-24T08:52:44,2,8,0,10
2022-11-24T09:02:06,2,8,0,10
2022-11-24T09:11:28,2,8,0,10
2022-11-24T09:20:48,2,8,0,10
2022-11-24T09:30:09,2,8,0,10
2022-11-24T09:39:29,2,8,0,10
2022-11-24T09:48:50,2,8,0,10
2022-11-24T09:58:07,2,8,0,10
2022-11-24T10:07:24,2,8,0,10
2022-11-24T10:16:41,2,8,0,10
2022-11-24T10:25:56,2,8,0,10
2022-11-24T10:35:12,2,8,0,10
2022-11-24T10:44:27,2,8,0,10
2022-11-24T10:53:42,2,8,0,10
2022-11-24T11:02:57,2,8,0,10
2022-11-24T11:12:12,2,8,0,10
2022-11-24T11:21:27,2,8,0,10
2022-11-24T11:30:43,2,8,0,10
2022-11-24T11:39:58,2,8,0,10
2022-11-24T11:49:14,2,8,0,10
2022-11-24T11:58:33,2,8,0,10
2022-11-24T12:07:49,2,8,0,10
2022-11-24T12:17:04,2,8,0,10
2022-11-24T12:26:19,2,8,0,10
2022-11-24T12:35:34,2,8,0,10
2022-11-24T12:44:49,2,8,0,10
2022-11-24T12:54:04,2,8,0,10
2022-11-24T13:03:18,2,8,0,10
2022-11-24T13:12:32,2,8,0,10
2022-11-24T13:21:47,2,8,0,10
2022-11-24T13:31:01,2,8,0,10
2022-11-24T13:40:15,2,8,0,10
2022-11-24T13:49:30,2,8,0,10
2022-11-24T13:58:44,2,8,0,10
2022-11-24T14:07:58,2,8,0,10
2022-11-24T14:17:13,2,8,0,10
2022-11-24T14:26:28,2,8,0,10
2022-11-24T14:35:42,2,8,0,10
2022-11-24T14:44:56,2,8,0,10
2022-11-24T14:54:10,2,8,0,10
2022-11-24T15:03:24,2,8,0,10
2022-11-24T15:12:38,2,8,0,10
2022-11-24T15:21:53,2,8,0,10
2022-11-24T15:31:07,2,8,0,10
2022-11-24T15:40:21,2,8,0,10
2022-11-24T15:49:35,2,8,0,10
2022-11-24T15:58:49,2,8,0,10
2022-11-24T16:08:03,2,8,0,10
2022-11-24T16:17:18,2,8,0,10
2022-11-24T16:26:32,2,8,0,10
2022-11-24T16:35:45,2,8,0,10
2022-11-24T16:44:59,2,8,0,10
2022-11-24T16:54:13,2,8,0,10
2022-11-24T17:03:26,2,8,0,10
2022-11-24T17:12:40,2,8,0,10
2022-11-24T17:21:54,2,8,0,10
2022-11-24T17:31:09,2,8,0,10
2022-11-24T17:40:23,2,8,0,10
2022-11-24T17:49:37,2,8,0,10
2022-11-24T17:58:51,2,8,0,10
2022-11-24T18:08:05,2,8,0,10
2022-11-24T18:17:20,2,8,0,10
2022-11-24T18:26:34,2,8,0,10
2022-11-24T18:35:48,2,8,0,10
2022-11-24T18:45:03,2,8,0,10
2022-11-24T18:54:16,2,8,0,10
2022-11-24T19:03:31,2,8,0,10
2022-11-24T19:12:45,2,8,0,10
2022-11-24T19:21:59,2,8,0,10
2022-11-24T19:31:13,2,8,0,10
2022-11-24T19:40:28,2,8,0,10
2022-11-24T19:49:53,2,8,0,10
2022-11-24T19:59:07,2,8,0,10
2022-11-24T20:08:22,2,8,0,10
2022-11-24T20:17:35,2,8,0,10
2022-11-24T20:26:49,2,8,0,10
2022-11-24T20:36:03,2,8,0,10
2022-11-24T20:45:17,2,8,0,10
2022-11-24T20:54:30,2,8,0,10
2022-11-24T21:03:45,2,8,0,10
2022-11-24T21:13:01,2,8,0,10
2022-11-24T21:22:15,2,8,0,10
2022-11-24T21:31:30,2,8,0,10
2022-11-24T21:40:44,2,8,0,10
2022-11-24T21:49:58,2,8,0,10
2022-11-24T21:59:12,2,8,0,10
2022-11-24T22:08:27,2,8,0,10
2022-11-24T22:17:41,2,8,0,10
2022-11-24T22:26:55,2,8,0,10
2022-11-24T22:36:10,2,8,0,10
2022-11-24T22:45:24,2,8,0,10
2022-11-24T22:54:38,2,8,0,10
2022-11-24T23:03:53,2,8,0,10
2022-11-24T23:13:09,2,8,0,10
2022-11-24T23:22:24,2,8,0,10
2022-11-24T23:31:39,2,8,0,10
2022-11-24T23:40:54,2,8,0,10
2022-11-24T23:50:08,2,8,0,10
2022-11-24T23:59:22,2,8,0,10
2022-11-25T00:08:36,2,8,0,10
2022-11-25T00:17:56,2,8,0,10
2022-11-25T00:27:11,2,8,0,10
2022-11-25T00:36:27,2,8,0,10
2022-11-25T00:45:43,2,8,0,10
2022-11-25T00:54:58,2,8,0,10
2022-11-25T01:04:14,2,8,0,10
2022-11-25T01:13:30,2,8,0,10
2022-11-25T01:22:47,2,8,0,10
2022-11-25T01:32:04,2,8,0,10
2022-11-25T01:41:29,2,8,0,10
2022-11-25T01:50:42,2,8,0,10
2022-11-25T02:00:00,2,8,0,10
2022-11-25T02:09:17,2,8,0,10
2022-11-25T02:18:33,2,8,0,10
2022-11-25T02:27:49,2,8,0,10
2022-11-25T02:37:07,2,8,0,10
2022-11-25T02:46:22,2,8,0,10
2022-11-25T02:55:37,2,8,0,10
2022-11-25T03:04:51,2,8,0,10
2022-11-25T03:14:07,2,8,0,10
2022-11-25T03:23:23,2,8,0,10
2022-11-25T03:32:38,2,8,0,10
2022-11-25T03:41:56,2,8,0,10
2022-11-25T03:51:12,2,8,0,10
2022-11-25T04:00:29,2,8,0,10
2022-11-25T04:22:08,2,8,0,10
2022-11-25T04:31:26,2,8,0,10
2022-11-25T04:42:12,2,8,0,10
2022-11-25T04:51:30,2,8,0,10
2022-11-25T05:00:47,2,8,0,10
2022-11-25T05:10:02,2,8,0,10
2022-11-25T05:19:16,2,8,0,10
2022-11-25T05:28:31,2,8,0,10
2022-11-25T05:37:45,2,8,0,10
2022-11-25T05:47:00,2,8,0,10
2022-11-25T05:56:18,2,8,0,10
2022-11-25T06:05:38,2,8,0,10
2022-11-25T06:14:56,2,8,0,10
2022-11-25T06:24:15,2,8,0,10
2022-11-25T06:33:33,2,8,0,10
2022-11-25T06:42:50,2,8,0,10
2022-11-25T06:52:06,2,8,0,10
2022-11-25T07:01:22,2,8,0,10
2022-11-25T07:10:39,2,8,0,10
2022-11-25T07:19:56,2,8,0,10
2022-11-25T07:29:14,2,8,0,10
2022-11-25T07:38:32,2,8,0,10
2022-11-25T07:47:50,2,8,0,10
2022-11-25T07:57:08,2,8,0,10
2022-11-25T08:06:25,2,8,0,10
2022-11-25T08:15:42,2,8,0,10
2022-11-25T08:24:59,2,8,0,10
2022-11-25T08:34:15,2,8,0,10
2022-11-25T08:43:34,2,8,0,10
2022-11-25T08:52:51,2,8,0,10
2022-11-25T09:02:07,2,8,0,10
2022-11-25T09:11:23,2,8,0,10
2022-11-25T09:20:39,2,8,0,10
2022-11-25T09:29:55,2,8,0,10
2022-11-25T09:39:10,2,8,0,10
2022-11-25T09:48:26,2,8,0,10
2022-11-25T09:57:42,2,8,0,10
2022-11-25T10:06:58,2,8,0,10
2022-11-25T10:16:14,2,8,0,10
2022-11-25T10:25:30,2,8,0,10
2022-11-25T10:34:45,2,8,0,10
2022-11-25T10:44:01,2,8,0,10
2022-11-25T10:53:17,2,8,0,10
2022-11-25T11:02:33,2,8,0,10
2022-11-25T11:11:48,2,8,0,10
2022-11-25T11:21:04,2,8,0,10
2022-11-25T11:30:20,2,8,0,10
2022-11-25T11:39:35,2,8,0,10
2022-11-25T11:48:51,2,8,0,10
2022-11-25T11:58:07,2,8,0,10
2022-11-25T12:07:25,2,8,0,10
2022-11-25T12:16:42,2,8,0,10
2022-11-25T12:25:58,2,8,0,10
2022-11-25T12:35:15,2,8,0,10
2022-11-25T12:44:31,2,8,0,10
2022-11-25T12:53:49,2,8,0,10
2022-11-25T13:03:05,2,8,0,10
2022-11-25T13:12:21,2,8,0,10
2022-11-25T13:21:37,2,8,0,10
2022-11-25T13:30:57,2,8,0,10
2022-11-25T13:40:18,2,8,0,10
2022-11-25T13:49:39,2,8,0,10
2022-11-25T13:59:01,2,8,0,10
2022-11-25T14:08:24,2,8,0,10
2022-11-25T14:17:45,2,8,0,10
2022-11-25T14:27:29,2,8,0,10
2022-11-25T14:36:51,2,8,0,10
2022-11-25T14:46:13,2,8,0,10
2022-11-25T14:55:33,2,8,0,10
2022-11-25T15:04:51,2,8,0,10
2022-11-25T15:14:09,2,8,0,10
2022-11-25T15:23:28,2,8,0,10
2022-11-25T15:32:44,2,8,0,10
2022-11-25T15:41:59,2,8,0,10
2022-11-25T15:51:15,2,8,0,10
2022-11-25T16:00:31,2,8,0,10
2022-11-25T16:09:47,2,8,0,10
2022-11-25T16:19:03,2,8,0,10
2022-11-25T16:28:19,2,8,0,10
2022-11-25T16:37:34,2,8,0,10
2022-11-25T16:46:50,2,8,0,10
2022-11-25T16:56:06,2,8,0,10
2022-11-25T17:05:21,2,8,0,10
2022-11-25T17:14:37,2,8,0,10
2022-11-25T17:23:54,2,8,0,10
2022-11-25T17:33:11,2,8,0,10
2022-11-25T17:42:28,2,8,0,10
2022-11-25T17:51:44,2,8,0,10
2022-11-25T18:01:00,2,8,0,10
2022-11-25T18:10:17,2,8,0,10
2022-11-25T18:19:33,2,8,0,10
2022-11-25T18:28:50,2,8,0,10
2022-11-25T18:38:06,2,8,0,10
2022-11-25T18:47:23,2,8,0,10
2022-11-25T18:56:40,2,8,0,10
2022-11-25T19:05:57,2,8,0,10
2022-11-25T19:15:14,2,8,0,10
2022-11-25T19:24:31,2,8,0,10
2022-11-25T19:33:57,2,8,0,10
2022-11-25T19:43:14,2,8,0,10
2022-11-25T19:52:31,2,8,0,10
2022-11-25T20:01:47,2,8,0,10
2022-11-25T20:11:04,2,8,0,10
2022-11-25T20:20:21,2,8,0,10
2022-11-25T20:29:37,2,8,0,10
2022-11-25T20:38:52,2,8,0,10
2022-11-25T20:48:07,2,8,0,10
2022-11-25T20:57:21,2,8,0,10
2022-11-25T21:06:36,2,8,0,10
2022-11-25T21:15:51,2,8,0,10
2022-11-25T21:25:06,2,8,0,10
2022-11-25T21:34:22,2,8,0,10
2022-11-25T21:43:37,2,8,0,10
2022-11-25T21:52:53,2,8,0,10
2022-11-25T22:02:08,2,8,0,10
2022-11-25T22:11:23,2,8,0,10
2022-11-25T22:20:39,2,8,0,10
2022-11-25T22:29:54,2,8,0,10
2022-11-25T22:39:09,2,8,0,10
2022-11-25T22:48:24,2,8,0,10
2022-11-25T22:57:50,2,8,0,10
2022-11-25T23:07:06,2,8,0,10
2022-11-25T23:16:21,2,8,0,10
2022-11-25T23:25:36,2,8,0,10
2022-11-25T23:34:50,2,8,0,10
2022-11-25T23:44:05,2,8,0,10
2022-11-25T23:53:19,2,8,0,10
2022-11-26T00:02:33,2,8,0,10
2022-11-26T00:11:49,2,8,0,10
2022-11-26T00:21:07,2,8,0,10
2022-11-26T00:30:21,2,8,0,10
2022-11-26T00:39:37,2,8,0,10
2022-11-26T00:48:54,2,8,0,10
2022-11-26T00:58:10,2,8,0,10
2022-11-26T01:07:25,2,8,0,10
2022-11-26T01:16:41,2,8,0,10
2022-11-26T01:25:56,2,8,0,10
2022-11-26T01:35:12,2,8,0,10
2022-11-26T01:44:25,2,8,0,10
2022-11-26T01:53:40,2,8,0,10
2022-11-26T02:02:58,2,8,0,10
2022-11-26T02:12:16,2,8,0,10
2022-11-26T02:21:31,2,8,0,10
2022-11-26T02:30:49,2,8,0,10
2022-11-26T02:40:05,2,8,0,10
2022-11-26T02:49:19,2,8,0,10
2022-11-26T02:58:34,2,8,0,10
2022-11-26T03:07:49,2,8,0,10
2022-11-26T03:17:05,2,8,0,10
2022-11-26T03:26:21,2,8,0,10
2022-11-26T03:35:37,2,8,0,10
2022-11-26T03:44:55,2,8,0,10
2022-11-26T03:54:12,2,8,0,10
2022-11-26T04:03:28,2,8,0,10
2022-11-26T04:12:45,2,8,0,10
2022-11-26T04:33:04,2,8,0,10
2022-11-26T04:42:45,2,8,0,10
2022-11-26T04:53:14,2,8,0,10
2022-11-26T05:02:33,2,8,0,10
2022-11-26T05:11:48,2,8,0,10
2022-11-26T05:21:02,2,8,0,10
2022-11-26T05:30:17,2,8,0,10
2022-11-26T05:39:31,2,8,0,10
2022-11-26T05:48:46,2,8,0,10
2022-11-26T05:58:04,2,8,0,10
2022-11-26T06:07:23,2,8,0,10
2022-11-26T06:16:41,2,8,0,10
2022-11-26T06:25:59,2,8,0,10
2022-11-26T06:35:17,2,8,0,10
2022-11-26T06:44:33,2,8,0,10
2022-11-26T06:53:49,2,8,0,10
2022-11-26T07:03:05,2,8,0,10
2022-11-26T07:12:23,2,8,0,10
2022-11-26T07:21:39,2,8,0,10
2022-11-26T07:30:56,2,8,0,10
2022-11-26T07:40:13,2,8,0,10
2022-11-26T07:49:29,2,8,0,10
2022-11-26T07:58:45,2,8,0,10
2022-11-26T08:08:01,2,8,0,10
2022-11-26T08:17:18,2,8,0,10
2022-11-26T08:26:36,2,8,0,10
2022-11-26T08:35:55,2,8,0,10
2022-11-26T08:45:13,2,8,0,10
2022-11-26T08:54:28,2,8,0,10
2022-11-26T09:03:44,2,8,0,10
2022-11-26T09:13:00,2,8,0,10
2022-11-26T09:22:16,2,8,0,10
2022-11-26T09:31:32,2,8,0,10
2022-11-26T09:40:50,2,8,0,10
2022-11-26T09:50:07,2,8,0,10
2022-11-26T09:59:25,2,8,0,10
2022-11-26T10:08:42,2,8,0,10
2022-11-26T10:17:58,2,8,0,10
2022-11-26T10:27:15,2,8,0,10
2022-11-26T10:36:31,2,8,0,10
2022-11-26T10:45:48,2,8,0,10
2022-11-26T10:55:05,2,8,0,10
2022-11-26T11:04:21,2,8,0,10
2022-11-26T11:13:38,2,8,0,10
2022-11-26T11:22:54,2,8,0,10
2022-11-26T11:32:11,2,8,0,10
2022-11-26T11:41:28,2,8,0,10
2022-11-26T11:50:44,2,8,0,10
2022-11-26T12:00:01,2,8,0,10
2022-11-26T12:09:17,2,8,0,10
2022-11-26T12:18:43,2,8,0,10
2022-11-26T12:28:00,2,8,0,10
2022-11-26T12:37:15,2,8,0,10
2022-11-26T12:46:30,2,8,0,10
2022-11-26T12:55:46,2,8,0,10
2022-11-26T13:05:01,2,8,0,10
2022-11-26T13:14:17,2,8,0,10
2022-11-26T13:23:32,2,8,0,10
2022-11-26T13:32:49,2,8,0,10
2022-11-26T13:42:06,2,8,0,10
2022-11-26T13:51:21,2,8,0,10
2022-11-26T14:00:37,2,8,0,10
2022-11-26T14:09:52,2,8,0,10
2022-11-26T14:19:08,2,8,0,10
2022-11-26T14:28:23,2,8,0,10
2022-11-26T14:37:39,2,8,0,10
2022-11-26T14:46:55,2,8,0,10
2022-11-26T14:56:11,2,8,0,10
2022-11-26T15:05:27,2,8,0,10
2022-11-26T15:14:43,2,8,0,10
2022-11-26T15:23:58,2,8,0,10
2022-11-26T15:33:13,2,8,0,10
2022-11-26T15:42:29,2,8,0,10
2022-11-26T15:51:45,2,8,0,10
2022-11-26T16:01:09,2,8,0,10
2022-11-26T16:10:25,2,8,0,10
2022-11-26T16:19:41,2,8,0,10
2022-11-26T16:28:57,2,8,0,10
2022-11-26T16:38:14,2,8,0,10
2022-11-26T16:47:29,2,8,0,10
2022-11-26T16:56:45,2,8,0,10
2022-11-26T17:06:01,2,8,0,10
2022-11-26T17:15:17,2,8,0,10
2022-11-26T17:24:33,2,8,0,10
2022-11-26T17:33:49,2,8,0,10
2022-11-26T17:43:05,2,8,0,10
2022-11-26T17:52:20,2,8,0,10
2022-11-26T18:01:36,2,8,0,10
2022-11-26T18:10:55,2,8,0,10
2022-11-26T18:20:11,2,8,0,10
2022-11-26T18:29:27,2,8,0,10
2022-11-26T18:38:44,2,8,0,10
2022-11-26T18:48:00,2,8,0,10
2022-11-26T18:57:15,2,8,0,10
2022-11-26T19:06:32,2,8,0,10
2022-11-26T19:15:48,2,8,0,10
2022-11-26T19:25:04,2,8,0,10
2022-11-26T19:34:19,2,8,0,10
2022-11-26T19:43:33,2,8,0,10
2022-11-26T19:52:56,2,8,0,10
2022-11-26T20:02:10,2,8,0,10
2022-11-26T20:11:24,2,8,0,10
2022-11-26T20:20:38,2,8,0,10
2022-11-26T20:29:52,2,8,0,10
2022-11-26T20:39:06,2,8,0,10
2022-11-26T20:48:20,2,8,0,10
2022-11-26T20:57:34,2,8,0,10
2022-11-26T21:06:48,2,8,0,10
2022-11-26T21:16:02,2,8,0,10
2022-11-26T21:25:17,2,8,0,10
2022-11-26T21:34:31,2,8,0,10
2022-11-26T21:43:45,2,8,0,10
2022-11-26T21:52:59,2,8,0,10
2022-11-26T22:02:13,2,8,0,10
2022-11-26T22:11:28,2,8,0,10
2022-11-26T22:20:43,2,8,0,10
2022-11-26T22:29:58,2,8,0,10
2022-11-26T22:39:12,2,8,0,10
2022-11-26T22:48:26,2,8,0,10
2022-11-26T22:57:50,2,8,0,10
2022-11-26T23:07:05,2,8,0,10
2022-11-26T23:16:19,2,8,0,10
2022-11-26T23:25:34,2,8,0,10
2022-11-26T23:34:48,2,8,0,10
2022-11-26T23:44:01,2,8,0,10
2022-11-26T23:53:15,2,8,0,10
2022-11-27T00:02:29,2,8,0,10
2022-11-27T00:11:44,2,8,0,10
2022-11-27T00:21:04,2,8,0,10
2022-11-27T00:30:19,2,8,0,10
2022-11-27T00:39:33,2,8,0,10
2022-11-27T00:48:48,2,8,0,10
2022-11-27T00:58:02,2,8,0,10
2022-11-27T01:07:16,2,8,0,10
2022-11-27T01:16:30,2,8,0,10
2022-11-27T01:25:43,2,8,0,10
2022-11-27T01:34:57,2,8,0,10
2022-11-27T01:44:11,2,8,0,10
2022-11-27T01:53:25,2,8,0,10
2022-11-27T02:02:41,2,8,0,10
2022-11-27T02:11:55,2,8,0,10
2022-11-27T02:21:09,2,8,0,10
2022-11-27T02:30:23,2,8,0,10
2022-11-27T02:39:46,2,8,0,10
2022-11-27T02:49:06,2,8,0,10
2022-11-27T02:58:24,2,8,0,10
2022-11-27T03:07:41,2,8,0,10
2022-11-27T03:16:59,2,8,0,10
2022-11-27T03:26:16,2,8,0,10
2022-11-27T03:35:34,2,8,0,10
2022-11-27T03:44:52,2,8,0,10
2022-11-27T03:54:10,2,8,0,10
2022-11-27T04:03:28,2,8,0,10
2022-11-27T04:27:27,2,8,0,10
2022-11-27T04:36:47,2,8,0,10
2022-11-27T04:46:05,2,8,0,10
2022-11-27T04:55:22,2,8,0,10
2022-11-27T05:04:39,2,8,0,10
2022-11-27T05:13:56,2,8,0,10
2022-11-27T05:23:12,2,8,0,10
2022-11-27T05:32:29,2,8,0,10
2022-11-27T05:41:47,2,8,0,10
2022-11-27T05:51:05,2,8,0,10
2022-11-27T06:00:23,2,8,0,10
2022-11-27T06:09:42,2,8,0,10
2022-11-27T06:19:00,2,8,0,10
2022-11-27T06:28:18,2,8,0,10
2022-11-27T06:37:34,2,8,0,10
2022-11-27T06:46:49,2,8,0,10
2022-11-27T06:56:05,2,8,0,10
2022-11-27T07:05:21,2,8,0,10
2022-11-27T07:14:38,2,8,0,10
2022-11-27T07:23:55,2,8,0,10
2022-11-27T07:33:12,2,8,0,10
2022-11-27T07:42:30,2,8,0,10
2022-11-27T07:51:48,2,8,0,10
2022-11-27T08:01:06,2,8,0,10
2022-11-27T08:10:22,2,8,0,10
2022-11-27T08:19:39,2,8,0,10
2022-11-27T08:28:56,2,8,0,10
2022-11-27T08:38:14,2,8,0,10
2022-11-27T08:47:29,2,8,0,10
2022-11-27T08:56:46,2,8,0,10
2022-11-27T09:06:02,2,8,0,10
2022-11-27T09:15:18,2,8,0,10
2022-11-27T09:24:34,2,8,0,10
2022-11-27T09:33:51,2,8,0,10
2022-11-27T09:43:07,2,8,0,10
2022-11-27T09:52:23,2,8,0,10
2022-11-27T10:01:39,2,8,0,10
2022-11-27T10:10:55,2,8,0,10
2022-11-27T10:20:11,2,8,0,10
2022-11-27T10:29:27,2,8,0,10
2022-11-27T10:38:44,2,8,0,10
2022-11-27T10:48:00,2,8,0,10
2022-11-27T10:57:16,2,8,0,10
2022-11-27T11:06:32,2,8,0,10
2022-11-27T11:15:48,2,8,0,10
2022-11-27T11:25:05,2,8,0,10
2022-11-27T11:34:22,2,8,0,10
2022-11-27T11:43:38,2,8,0,10
2022-11-27T11:52:55,2,8,0,10
2022-11-27T12:02:11,2,8,0,10
2022-11-27T12:11:27,2,8,0,10
2022-11-27T12:20:42,2,8,0,10
2022-11-27T12:29:59,2,8,0,10
2022-11-27T12:39:14,2,8,0,10
2022-11-27T12:48:30,2,8,0,10
2022-11-27T12:57:56,2,8,0,10
2022-11-27T13:07:11,2,8,0,10
2022-11-27T13:16:27,2,8,0,10
2022-11-27T13:25:43,2,8,0,10
2022-11-27T13:34:59,2,8,0,10
2022-11-27T13:44:15,2,8,0,10
2022-11-27T13:53:31,2,8,0,10
2022-11-27T14:02:47,2,8,0,10
2022-11-27T14:12:03,2,8,0,10
2022-11-27T14:21:19,2,8,0,10
2022-11-27T14:30:35,2,8,0,10
2022-11-27T14:39:51,2,8,0,10
2022-11-27T14:49:07,2,8,0,10
2022-11-27T14:58:23,2,8,0,10
2022-11-27T15:07:39,2,8,0,10
2022-11-27T15:16:57,2,8,0,10
2022-11-27T15:26:14,2,8,0,10
2022-11-27T15:35:30,2,8,0,10
2022-11-27T15:44:46,2,8,0,10
2022-11-27T15:54:02,2,8,0,10
2022-11-27T16:03:18,2,8,0,10
2022-11-27T16:12:34,2,8,0,10
2022-11-27T16:22:04,2,8,0,10
2022-11-27T16:31:20,2,8,0,10
2022-11-27T16:40:37,2,8,0,10
2022-11-27T16:49:53,2,8,0,10
2022-11-27T16:59:10,2,8,0,10
2022-11-27T17:08:27,2,8,0,10
2022-11-27T17:17:44,2,8,0,10
2022-11-27T17:27:00,2,8,0,10
2022-11-27T17:36:18,2,8,0,10
2022-11-27T17:45:34,2,8,0,10
2022-11-27T17:54:50,2,8,0,10
2022-11-27T18:04:07,2,8,0,10
2022-11-27T18:13:24,2,8,0,10
2022-11-27T18:22:40,2,8,0,10
2022-11-27T18:31:56,2,8,0,10
2022-11-27T18:41:12,2,8,0,10
2022-11-27T18:50:41,2,8,0,10
2022-11-27T19:00:03,2,8,0,10
2022-11-27T19:09:22,2,8,0,10
2022-11-27T19:18:41,2,8,0,10
2022-11-27T19:27:59,2,8,0,10
2022-11-27T19:37:15,2,8,0,10
2022-11-27T19:46:32,2,8,0,10
2022-11-27T19:55:48,2,8,0,10
2022-11-27T20:05:04,2,8,0,10
2022-11-27T20:14:20,2,8,0,10
2022-11-27T20:23:37,2,8,0,10
2022-11-27T20:32:56,2,8,0,10
2022-11-27T20:42:12,2,8,0,10
2022-11-27T20:51:29,2,8,0,10
2022-11-27T21:00:48,2,8,0,10
2022-11-27T21:10:10,2,8,0,10
2022-11-27T21:19:46,2,8,0,10
2022-11-27T21:29:09,2,8,0,10
2022-11-27T21:38:33,2,8,0,10
2022-11-27T21:47:55,2,8,0,10
2022-11-27T21:57:20,2,8,0,10
2022-11-27T22:06:43,2,8,0,10
2022-11-27T22:16:06,2,8,0,10
2022-11-27T22:25:29,2,8,0,10
2022-11-27T22:34:49,2,8,0,10
2022-11-27T22:44:09,2,8,0,10
2022-11-27T22:53:28,2,8,0,10
2022-11-27T23:02:44,2,8,0,10
2022-11-27T23:12:00,2,8,0,10
2022-11-27T23:21:16,2,8,0,10
2022-11-27T23:30:33,2,8,0,10
2022-11-27T23:39:49,2,8,0,10
2022-11-27T23:49:05,2,8,0,10
2022-11-27T23:58:20,2,8,0,10
2022-11-28T00:07:37,2,8,0,10
2022-11-28T00:17:05,2,8,0,10
2022-11-28T00:26:22,2,8,0,10
2022-11-28T00:35:42,2,8,0,10
2022-11-28T00:45:00,2,8,0,10
2022-11-28T00:54:17,2,8,0,10
2022-11-28T01:03:32,2,8,0,10
2022-11-28T01:12:50,2,8,0,10
2022-11-28T01:22:08,2,8,0,10
2022-11-28T01:31:28,2,8,0,10
2022-11-28T01:40:46,2,8,0,10
2022-11-28T01:50:04,2,8,0,10
2022-11-28T01:59:24,2,8,0,10
2022-11-28T02:08:42,2,8,0,10
2022-11-28T02:18:01,2,8,0,10
2022-11-28T02:27:17,2,8,0,10
2022-11-28T02:36:35,2,8,0,10
2022-11-28T02:45:50,2,8,0,10
2022-11-28T02:55:05,2,8,0,10
2022-11-28T03:04:21,2,8,0,10
2022-11-28T03:13:37,2,8,0,10
2022-11-28T03:22:53,2,8,0,10
2022-11-28T03:32:08,2,8,0,10
2022-11-28T03:41:25,2,8,0,10
2022-11-28T03:50:42,2,8,0,10
2022-11-28T03:59:59,2,8,0,10
2022-11-28T04:11:29,2,8,0,10
2022-11-28T04:30:32,2,8,0,10
2022-11-28T04:39:51,2,8,0,10
2022-11-28T04:49:10,2,8,0,10
2022-11-28T04:58:28,2,8,0,10
2022-11-28T05:07:44,2,8,0,10
2022-11-28T05:17:00,2,8,0,10
2022-11-28T05:26:16,2,8,0,10
2022-11-28T05:35:32,2,8,0,10
2022-11-28T05:44:50,2,8,0,10
2022-11-28T05:54:08,2,8,0,10
2022-11-28T06:03:29,2,8,0,10
2022-11-28T06:12:49,2,8,0,10
2022-11-28T06:22:08,2,8,0,10
2022-11-28T06:31:26,2,8,0,10
2022-11-28T06:40:44,2,8,0,10
2022-11-28T06:50:01,2,8,0,10
2022-11-28T06:59:21,2,8,0,10
2022-11-28T07:08:39,2,8,0,10
2022-11-28T07:17:57,2,8,0,10
2022-11-28T07:27:15,2,8,0,10
2022-11-28T07:36:33,2,8,0,10
2022-11-28T07:45:55,2,8,0,10
2022-11-28T07:55:15,2,8,0,10
2022-11-28T08:04:34,2,8,0,10
2022-11-28T08:13:52,2,8,0,10
2022-11-28T08:23:10,2,8,0,10
2022-11-28T08:32:30,2,8,0,10
2022-11-28T08:41:48,2,8,0,10
2022-11-28T08:51:06,2,8,0,10
2022-11-28T09:00:26,2,8,0,10
2022-11-28T09:09:45,2,8,0,10
2022-11-28T09:19:05,2,8,0,10
2022-11-28T09:28:25,2,8,0,10
2022-11-28T09:37:50,2,8,0,10
2022-11-28T09:47:23,2,8,0,10
2022-11-28T09:56:46,2,8,0,10
2022-11-28T10:06:09,2,8,0,10
2022-11-28T10:15:31,2,8,0,10
2022-11-28T10:24:53,2,8,0,10
2022-11-28T10:34:16,2,8,0,10
2022-11-28T10:43:38,2,8,0,10
2022-11-28T10:53:00,2,8,0,10
2022-11-28T11:02:21,2,8,0,10
2022-11-28T11:11:42,2,8,0,10
2022-11-28T11:21:14,2,8,0,10
2022-11-28T11:30:35,2,8,0,10
2022-11-28T11:39:56,2,8,0,10
2022-11-28T11:49:17,2,8,0,10
2022-11-28T11:58:38,2,8,0,10
2022-11-28T12:08:00,2,8,0,10
2022-11-28T12:17:21,2,8,0,10
2022-11-28T12:27:02,2,8,0,10
2022-11-28T12:36:22,2,8,0,10
2022-11-28T12:45:43,2,8,0,10
2022-11-28T12:55:03,2,8,0,10
2022-11-28T13:04:25,2,8,0,10
2022-11-28T13:13:58,2,8,0,10
2022-11-28T13:23:20,2,8,0,10
2022-11-28T13:32:43,2,8,0,10
2022-11-28T13:42:05,2,8,0,10
2022-11-28T13:51:27,2,8,0,10
2022-11-28T14:00:59,2,8,0,10
2022-11-28T14:10:21,2,8,0,10
2022-11-28T14:19:41,2,8,0,10
2022-11-28T14:29:02,2,8,0,10
2022-11-28T14:38:23,2,8,0,10
2022-11-28T14:47:43,2,8,0,10
2022-11-28T14:57:04,2,8,0,10
2022-11-28T15:06:36,2,8,0,10
2022-11-28T15:15:57,2,8,0,10
2022-11-28T15:25:18,2,8,0,10
2022-11-28T15:34:38,2,8,0,10
2022-11-28T15:44:00,2,8,0,10
2022-11-28T15:53:19,2,8,0,10
2022-11-28T16:02:52,2,8,0,10
2022-11-28T16:12:12,2,8,0,10
2022-11-28T16:21:31,2,8,0,10
2022-11-28T16:30:51,2,8,0,10
2022-11-28T16:40:10,2,8,0,10
2022-11-28T16:49:30,2,8,0,10
2022-11-28T16:58:49,2,8,0,10
2022-11-28T17:08:10,2,8,0,10
2022-11-28T17:17:30,2,8,0,10
2022-11-28T17:27:00,2,8,0,10
2022-11-28T17:36:20,2,8,0,10
2022-11-28T17:45:40,2,8,0,10
2022-11-28T17:55:00,2,8,0,10
2022-11-28T18:04:21,2,8,0,10
2022-11-28T18:13:40,2,8,0,10
2022-11-28T18:22:59,2,8,0,10
2022-11-28T18:32:18,2,8,0,10
2022-11-28T18:41:38,2,8,0,10
2022-11-28T18:50:57,2,8,0,10
2022-11-28T19:00:27,2,8,0,10
2022-11-28T19:09:48,2,8,0,10
2022-11-28T19:19:07,2,8,0,10
2022-11-28T19:28:26,2,8,0,10
2022-11-28T19:37:47,2,8,0,10
2022-11-28T19:47:07,2,8,0,10
2022-11-28T19:56:27,2,8,0,10
2022-11-28T20:05:47,2,8,0,10
2022-11-28T20:15:06,2,8,0,10
2022-11-28T20:24:25,2,8,0,10
2022-11-28T20:33:55,2,8,0,10
2022-11-28T20:43:13,2,8,0,10
2022-11-28T20:52:32,2,8,0,10
2022-11-28T21:01:49,2,8,0,10
2022-11-28T21:11:08,2,8,0,10
2022-11-28T21:20:26,2,8,0,10
2022-11-28T21:29:44,2,8,0,10
2022-11-28T21:39:04,2,8,0,10
2022-11-28T21:48:23,2,8,0,10
2022-11-28T21:57:41,2,8,0,10
2022-11-28T22:07:12,2,8,0,10
2022-11-28T22:16:31,2,8,0,10
2022-11-28T22:25:50,2,8,0,10
2022-11-28T22:35:09,2,8,0,10
2022-11-28T22:44:27,2,8,0,10
2022-11-28T22:53:45,2,8,0,10
2022-11-28T23:03:04,2,8,0,10
2022-11-28T23:12:23,2,8,0,10
2022-11-28T23:21:44,2,8,0,10
2022-11-28T23:31:02,2,8,0,10
2022-11-28T23:40:20,2,8,0,10
2022-11-28T23:49:50,2,8,0,10
2022-11-28T23:59:07,2,8,0,10
2022-11-29T00:08:26,2,8,0,10
2022-11-29T00:17:50,2,8,0,10
2022-11-29T00:27:11,2,8,0,10
2022-11-29T00:36:31,2,8,0,10
2022-11-29T00:45:51,2,8,0,10
2022-11-29T00:55:12,2,8,0,10
2022-11-29T01:04:32,2,8,0,10
2022-11-29T01:13:51,2,8,0,10
2022-11-29T01:23:12,2,8,0,10
2022-11-29T01:32:34,2,8,0,10
2022-11-29T01:41:55,2,8,0,10
2022-11-29T01:51:13,2,8,0,10
2022-11-29T02:00:35,2,8,0,10
2022-11-29T02:09:54,2,8,0,10
2022-11-29T02:19:13,2,8,0,10
2022-11-29T02:28:30,2,8,0,10
2022-11-29T02:37:48,2,8,0,10
2022-11-29T02:47:05,2,8,0,10
2022-11-29T02:56:25,2,8,0,10
2022-11-29T03:05:45,2,8,0,10
2022-11-29T03:15:05,2,8,0,10
2022-11-29T03:24:25,2,8,0,10
2022-11-29T03:33:46,2,8,0,10
2022-11-29T03:43:07,2,8,0,10
2022-11-29T03:52:27,2,8,0,10
2022-11-29T04:01:47,2,8,0,10
2022-11-29T04:11:08,2,8,0,10
2022-11-29T04:28:31,2,8,0,10
2022-11-29T04:38:49,2,8,0,10
2022-11-29T04:48:53,2,8,0,10
2022-11-29T04:58:14,2,8,0,10
2022-11-29T05:07:34,2,8,0,10
2022-11-29T05:16:54,2,8,0,10
2022-11-29T05:26:13,2,8,0,10
2022-11-29T05:35:32,2,8,0,10
2022-11-29T05:44:50,2,8,0,10
2022-11-29T05:54:10,2,8,0,10
2022-11-29T06:03:32,2,8,0,10
2022-11-29T06:12:53,2,8,0,10
2022-11-29T06:22:14,2,8,0,10
2022-11-29T06:31:34,2,8,0,10
2022-11-29T06:40:54,2,8,0,10
2022-11-29T06:50:13,2,8,0,10
2022-11-29T06:59:32,2,8,0,10
2022-11-29T07:08:53,2,8,0,10
2022-11-29T07:18:14,2,8,0,10
2022-11-29T07:27:34,2,8,0,10
2022-11-29T07:36:56,2,8,0,10
2022-11-29T07:46:19,2,8,0,10
2022-11-29T07:55:41,2,8,0,10
2022-11-29T08:05:03,2,8,0,10
2022-11-29T08:14:23,2,8,0,10
2022-11-29T08:23:46,2,8,0,10
2022-11-29T08:33:08,2,8,0,10
2022-11-29T08:42:31,2,8,0,10
2022-11-29T08:51:55,2,8,0,10
2022-11-29T09:01:19,2,8,0,10
2022-11-29T09:10:42,2,8,0,10
2022-11-29T09:20:06,2,8,0,10
2022-11-29T09:29:30,2,8,0,10
2022-11-29T09:39:01,2,8,0,10
2022-11-29T09:48:24,2,8,0,10
2022-11-29T09:57:47,2,8,0,10
2022-11-29T10:07:23,2,8,0,10
2022-11-29T10:16:46,2,8,0,10
2022-11-29T10:26:09,2,8,0,10
2022-11-29T10:35:31,2,8,0,10
2022-11-29T10:44:53,2,8,0,10
2022-11-29T10:54:15,2,8,0,10
2022-11-29T11:04:00,2,8,0,10
2022-11-29T11:13:22,2,8,0,10
2022-11-29T11:22:44,2,8,0,10
2022-11-29T11:32:07,2,8,0,10
2022-11-29T11:41:28,2,8,0,10
2022-11-29T11:50:50,2,8,0,10
2022-11-29T12:00:12,2,8,0,10
2022-11-29T12:09:34,2,8,0,10
2022-11-29T12:18:54,2,8,0,10
2022-11-29T12:28:27,2,8,0,10
2022-11-29T12:37:48,2,8,0,10
2022-11-29T12:47:09,2,8,0,10
2022-11-29T12:56:31,2,8,0,10
2022-11-29T13:05:53,2,8,0,10
2022-11-29T13:15:15,2,8,0,10
2022-11-29T13:24:37,2,8,0,10
2022-11-29T13:33:59,2,8,0,10
2022-11-29T13:43:38,2,8,0,10
2022-11-29T13:52:59,2,8,0,10
2022-11-29T14:02:21,2,8,0,10
2022-11-29T14:11:45,2,8,0,10
2022-11-29T14:21:08,2,8,0,10
2022-11-29T14:30:30,2,8,0,10
2022-11-29T14:39:51,2,8,0,10
2022-11-29T14:49:24,2,8,0,10
2022-11-29T14:58:45,2,8,0,10
2022-11-29T15:08:06,2,8,0,10
2022-11-29T15:17:27,2,8,0,10
2022-11-29T15:26:49,2,8,0,10
2022-11-29T15:36:10,2,8,0,10
2022-11-29T15:45:51,2,8,0,10
2022-11-29T15:55:12,2,8,0,10
2022-11-29T16:04:33,2,8,0,10
2022-11-29T16:13:54,2,8,0,10
2022-11-29T16:23:14,2,8,0,10
2022-11-29T16:32:34,2,8,0,10
2022-11-29T16:41:54,2,8,0,10
2022-11-29T16:51:13,2,8,0,10
2022-11-29T17:00:33,2,8,0,10
2022-11-29T17:09:54,2,8,0,10
2022-11-29T17:19:25,2,8,0,10
2022-11-29T17:28:45,2,8,0,10
2022-11-29T17:38:05,2,8,0,10
2022-11-29T17:47:24,2,8,0,10
2022-11-29T17:56:44,2,8,0,10
2022-11-29T18:06:04,2,8,0,10
2022-11-29T18:15:23,2,8,0,10
2022-11-29T18:24:42,2,8,0,10
2022-11-29T18:34:02,2,8,0,10
2022-11-29T18:43:32,2,8,0,10
2022-11-29T18:52:51,2,8,0,10
2022-11-29T19:02:10,2,8,0,10
2022-11-29T19:11:30,2,8,0,10
2022-11-29T19:20:49,2,8,0,10
2022-11-29T19:30:08,2,8,0,10
2022-11-29T19:39:28,2,8,0,10
2022-11-29T19:48:46,2,8,0,10
2022-11-29T19:58:05,2,8,0,10
2022-11-29T20:07:24,2,8,0,10
2022-11-29T20:16:43,2,8,0,10
2022-11-29T20:26:22,2,8,0,10
2022-11-29T20:35:41,2,8,0,10
2022-11-29T20:45:01,2,8,0,10
2022-11-29T20:54:20,2,8,0,10
2022-11-29T21:03:39,2,8,0,10
2022-11-29T21:12:58,2,8,0,10
2022-11-29T21:22:18,2,8,0,10
2022-11-29T21:31:38,2,8,0,10
2022-11-29T21:40:56,2,8,0,10
2022-11-29T21:50:15,2,8,0,10
2022-11-29T21:59:33,2,8,0,10
2022-11-29T22:09:04,2,8,0,10
2022-11-29T22:18:23,2,8,0,10
2022-11-29T22:27:42,2,8,0,10
2022-11-29T22:37:01,2,8,0,10
2022-11-29T22:46:19,2,8,0,10
2022-11-29T22:55:37,2,8,0,10
2022-11-29T23:04:56,2,8,0,10
2022-11-29T23:14:15,2,8,0,10
2022-11-29T23:23:34,2,8,0,10
2022-11-29T23:32:52,2,8,0,10
2022-11-29T23:42:32,2,8,0,10
2022-11-29T23:51:50,2,8,0,10
2022-11-30T00:01:08,2,8,0,10
2022-11-30T00:10:28,2,8,0,10
2022-11-30T00:19:49,2,8,0,10
2022-11-30T00:29:09,2,8,0,10
2022-11-30T00:38:31,2,8,0,10
2022-11-30T00:47:52,2,8,0,10
2022-11-30T00:57:14,2,8,0,10
2022-11-30T01:06:34,2,8,0,10
2022-11-30T01:15:55,2,8,0,10
2022-11-30T01:25:16,2,8,0,10
2022-11-30T01:34:38,2,8,0,10
2022-11-30T01:44:11,2,8,0,10
2022-11-30T01:53:32,2,8,0,10
2022-11-30T02:02:54,2,8,0,10
2022-11-30T02:12:13,2,8,0,10
2022-11-30T02:21:34,2,8,0,10
2022-11-30T02:30:57,2,8,0,10
2022-11-30T02:40:18,2,8,0,10
2022-11-30T02:49:38,2,8,0,10
2022-11-30T02:58:59,2,8,0,10
2022-11-30T03:08:18,2,8,0,10
2022-11-30T03:17:36,2,8,0,10
2022-11-30T03:26:55,2,8,0,10
2022-11-30T03:36:14,2,8,0,10
2022-11-30T03:45:36,2,8,0,10
2022-11-30T03:54:57,2,8,0,10
2022-11-30T04:04:17,2,8,0,10
2022-11-30T04:13:49,2,8,0,10
2022-11-30T04:33:08,2,8,0,10
2022-11-30T04:42:31,2,8,0,10
2022-11-30T04:51:53,2,8,0,10
2022-11-30T05:01:45,2,8,0,10
2022-11-30T05:12:13,2,8,0,10
2022-11-30T05:21:31,2,8,0,10
2022-11-30T05:30:49,2,8,0,10
2022-11-30T05:40:09,2,8,0,10
2022-11-30T05:49:27,2,8,0,10
2022-11-30T05:58:50,2,8,0,10
2022-11-30T06:08:15,2,8,0,10
2022-11-30T06:17:39,2,8,0,10
2022-11-30T06:27:00,2,8,0,10
2022-11-30T06:36:20,2,8,0,10
2022-11-30T06:45:39,2,8,0,10
2022-11-30T06:54:59,2,8,0,10
2022-11-30T07:04:20,2,8,0,10
2022-11-30T07:13:43,2,8,0,10
2022-11-30T07:23:05,2,8,0,10
2022-11-30T07:32:26,2,8,0,10
2022-11-30T07:41:48,2,8,0,10
2022-11-30T07:51:09,2,8,0,10
2022-11-30T08:00:31,2,8,0,10
2022-11-30T08:10:08,2,8,0,10
2022-11-30T08:19:30,2,8,0,10
2022-11-30T08:28:52,2,8,0,10
2022-11-30T08:38:13,2,8,0,10
2022-11-30T08:47:33,2,8,0,10
2022-11-30T08:56:53,2,8,0,10
2022-11-30T09:06:16,2,8,0,10
2022-11-30T09:15:36,2,8,0,10
2022-11-30T09:24:57,2,8,0,10
2022-11-30T09:34:19,2,8,0,10
2022-11-30T09:43:40,2,8,0,10
2022-11-30T09:53:02,2,8,0,10
2022-11-30T10:02:24,2,8,0,10
2022-11-30T10:11:53,2,8,0,10
2022-11-30T10:21:12,2,8,0,10
2022-11-30T10:30:32,2,8,0,10
2022-11-30T10:39:50,2,8,0,10
2022-11-30T10:49:09,2,8,0,10
2022-11-30T10:58:27,2,8,0,10
2022-11-30T11:07:48,2,8,0,10
2022-11-30T11:17:20,2,8,0,10
2022-11-30T11:26:42,2,8,0,10
2022-11-30T11:36:02,2,8,0,10
2022-11-30T11:45:21,2,8,0,10
2022-11-30T11:54:42,2,8,0,10
2022-11-30T12:04:01,2,8,0,10
2022-11-30T12:13:21,2,8,0,10
2022-11-30T12:22:41,2,8,0,10
2022-11-30T12:32:10,2,8,0,10
2022-11-30T12:41:28,2,8,0,10
2022-11-30T12:50:48,2,8,0,10
2022-11-30T13:00:07,2,8,0,10
2022-11-30T13:09:28,2,8,0,10
2022-11-30T13:18:50,2,8,0,10
2022-11-30T13:28:12,2,8,0,10
2022-11-30T13:37:35,2,8,0,10
2022-11-30T13:47:08,2,8,0,10
2022-11-30T13:56:29,2,8,0,10
2022-11-30T14:05:49,2,8,0,10
2022-11-30T14:15:10,2,8,0,10
2022-11-30T14:24:31,2,8,0,10
2022-11-30T14:33:52,2,8,0,10
2022-11-30T14:43:12,2,8,0,10
2022-11-30T14:52:35,2,8,0,10
2022-11-30T15:01:57,2,8,0,10
2022-11-30T15:11:27,2,8,0,10
2022-11-30T15:20:47,2,8,0,10
2022-11-30T15:30:09,2,8,0,10
2022-11-30T15:39:29,2,8,0,10
2022-11-30T15:48:48,2,8,0,10
2022-11-30T15:58:08,2,8,0,10
2022-11-30T16:07:29,2,8,0,10
2022-11-30T16:16:48,2,8,0,10
2022-11-30T16:26:25,2,8,0,10
2022-11-30T16:35:43,2,8,0,10
2022-11-30T16:45:02,2,8,0,10
2022-11-30T16:54:19,2,8,0,10
2022-11-30T17:03:38,2,8,0,10
2022-11-30T17:12:57,2,8,0,10
2022-11-30T17:22:16,2,8,0,10
2022-11-30T17:31:34,2,8,0,10
2022-11-30T17:40:52,2,8,0,10
2022-11-30T17:50:22,2,8,0,10
2022-11-30T17:59:39,2,8,0,10
2022-11-30T18:08:58,2,8,0,10
2022-11-30T18:18:16,2,8,0,10
2022-11-30T18:27:35,2,8,0,10
2022-11-30T18:36:54,2,8,0,10
2022-11-30T18:46:12,2,8,0,10
2022-11-30T18:55:30,2,8,0,10
2022-11-30T19:04:48,2,8,0,10
2022-11-30T19:14:17,2,8,0,10
2022-11-30T19:23:35,2,8,0,10
2022-11-30T19:32:52,2,8,0,10
2022-11-30T19:42:12,2,8,0,10
2022-11-30T19:51:31,2,8,0,10
2022-11-30T20:00:50,2,8,0,10
2022-11-30T20:10:10,2,8,0,10
2022-11-30T20:19:31,2,8,0,10
2022-11-30T20:28:48,2,8,0,10
2022-11-30T20:38:06,2,8,0,10
2022-11-30T20:47:23,2,8,0,10
2022-11-30T20:56:41,2,8,0,10
2022-11-30T21:06:00,2,8,0,10
2022-11-30T21:15:17,2,8,0,10
2022-11-30T21:24:35,2,8,0,10
2022-11-30T21:34:03,2,8,0,10
2022-11-30T21:43:23,2,8,0,10
2022-11-30T21:52:42,2,8,0,10
2022-11-30T22:01:59,2,8,0,10
2022-11-30T22:11:17,2,8,0,10
2022-11-30T22:20:36,2,8,0,10
2022-11-30T22:29:54,2,8,0,10
2022-11-30T22:39:12,2,8,0,10
2022-11-30T22:48:31,2,8,0,10
2022-11-30T22:57:49,2,8,0,10
2022-11-30T23:07:08,2,8,0,10
2022-11-30T23:16:26,2,8,0,10
2022-11-30T23:25:44,2,8,0,10
2022-11-30T23:35:02,2,8,0,10
2022-11-30T23:44:19,2,8,0,10
2022-11-30T23:53:47,2,8,0,10
2022-12-01T00:03:05,2,8,0,10
2022-12-01T00:12:24,2,8,0,10
2022-12-01T00:21:46,2,8,0,10
2022-12-01T00:31:05,2,8,0,10
2022-12-01T00:40:24,2,8,0,10
2022-12-01T00:49:44,2,8,0,10
2022-12-01T00:59:05,2,8,0,10
2022-12-01T01:08:43,2,8,0,10
2022-12-01T01:18:07,2,8,0,10
2022-12-01T01:27:28,2,8,0,10
2022-12-01T01:36:49,2,8,0,10
2022-12-01T01:46:10,2,8,0,10
2022-12-01T01:55:29,2,8,0,10
2022-12-01T02:04:47,2,8,0,10
2022-12-01T02:14:04,2,8,0,10
2022-12-01T02:23:21,2,8,0,10
2022-12-01T02:32:38,2,8,0,10
2022-12-01T02:41:55,2,8,0,10
2022-12-01T02:51:12,2,8,0,10
2022-12-01T03:00:29,2,8,0,10
2022-12-01T03:09:47,2,8,0,10
2022-12-01T03:19:05,2,8,0,10
2022-12-01T03:28:22,2,8,0,10
2022-12-01T03:37:41,2,8,0,10
2022-12-01T03:47:00,2,8,0,10
2022-12-01T03:56:19,2,8,0,10
2022-12-01T04:07:45,2,8,0,10
2022-12-01T04:17:22,2,8,0,10
2022-12-01T04:41:31,2,8,0,10
2022-12-01T04:50:53,2,8,0,10
2022-12-01T05:00:12,2,8,0,10
2022-12-01T05:09:31,2,8,0,10
2022-12-01T05:18:54,2,8,0,10
2022-12-01T05:28:15,2,8,0,10
2022-12-01T05:37:38,2,8,0,10
2022-12-01T05:47:00,2,8,0,10
2022-12-01T05:56:27,2,8,0,10
2022-12-01T06:05:57,2,8,0,10
2022-12-01T06:15:20,2,8,0,10
2022-12-01T06:24:42,2,8,0,10
2022-12-01T06:34:04,2,8,0,10
2022-12-01T06:43:27,2,8,0,10
2022-12-01T06:52:48,2,8,0,10
2022-12-01T07:02:12,2,8,0,10
2022-12-01T07:11:34,2,8,0,10
2022-12-01T07:20:56,2,8,0,10
2022-12-01T07:30:18,2,8,0,10
2022-12-01T07:39:40,2,8,0,10
2022-12-01T07:49:04,2,8,0,10
2022-12-01T07:58:24,2,8,0,10
2022-12-01T08:07:46,2,8,0,10
2022-12-01T08:17:06,2,8,0,10
2022-12-01T08:26:27,2,8,0,10
2022-12-01T09:28:58,2,8,0,10
2022-12-01T09:38:26,2,8,0,10
2022-12-01T09:47:50,2,8,0,10
2022-12-01T09:57:11,2,8,0,10
2022-12-01T10:06:33,2,8,0,10
2022-12-01T10:16:06,2,8,0,10
2022-12-01T10:25:29,2,8,0,10
2022-12-01T10:34:51,2,8,0,10
2022-12-01T10:44:14,2,8,0,10
2022-12-01T10:53:34,2,8,0,10
2022-12-01T11:02:56,2,8,0,10
2022-12-01T11:12:19,2,8,0,10
2022-12-01T11:21:40,2,8,0,10
2022-12-01T11:31:09,2,8,0,10
2022-12-01T11:40:31,2,8,0,10
2022-12-01T11:49:53,2,8,0,10
2022-12-01T11:59:14,2,8,0,10
2022-12-01T12:08:35,2,8,0,10
2022-12-01T12:17:56,2,8,0,10
2022-12-01T12:27:27,2,8,0,10
2022-12-01T12:36:49,2,8,0,10
2022-12-01T12:46:09,2,8,0,10
2022-12-01T12:55:30,2,8,0,10
2022-12-01T13:04:52,2,8,0,10
2022-12-01T13:14:15,2,8,0,10
2022-12-01T13:23:37,2,8,0,10
2022-12-01T13:33:01,2,8,0,10
2022-12-01T13:42:24,2,8,0,10
2022-12-01T13:51:56,2,8,0,10
2022-12-01T14:01:20,2,8,0,10
2022-12-01T14:10:42,2,8,0,10
2022-12-01T14:20:04,2,8,0,10
2022-12-01T14:29:26,2,8,0,10
2022-12-01T14:38:48,2,8,0,10
2022-12-01T14:48:11,2,8,0,10
2022-12-01T14:57:33,2,8,0,10
2022-12-01T15:06:55,2,8,0,10
2022-12-01T15:16:17,2,8,0,10
2022-12-01T15:25:47,2,8,0,10
2022-12-01T15:35:09,2,8,0,10
2022-12-01T15:44:31,2,8,0,10
2022-12-01T15:53:51,2,8,0,10
2022-12-01T16:03:12,2,8,0,10
2022-12-01T16:12:34,2,8,0,10
2022-12-01T16:21:55,2,8,0,10
2022-12-01T16:31:15,2,8,0,10
2022-12-01T16:40:36,2,8,0,10
2022-12-01T16:49:56,2,8,0,10
2022-12-01T16:59:15,2,8,0,10
2022-12-01T17:08:48,2,8,0,10
2022-12-01T17:18:09,2,8,0,10
2022-12-01T17:27:29,2,8,0,10
2022-12-01T17:36:50,2,8,0,10
2022-12-01T17:46:09,2,8,0,10
2022-12-01T17:55:27,2,8,0,10
2022-12-01T18:04:48,2,8,0,10
2022-12-01T18:14:08,2,8,0,10
2022-12-01T18:23:28,2,8,0,10
2022-12-01T18:32:49,2,8,0,10
2022-12-01T18:42:18,2,8,0,10
2022-12-01T18:51:38,2,8,0,10
2022-12-01T19:00:57,2,8,0,10
2022-12-01T19:10:17,2,8,0,10
2022-12-01T19:19:38,2,8,0,10
2022-12-01T19:28:58,2,8,0,10
2022-12-01T19:38:19,2,8,0,10
2022-12-01T19:47:39,2,8,0,10
2022-12-01T19:57:00,2,8,0,10
2022-12-01T20:06:19,2,8,0,10
2022-12-01T20:15:39,2,8,0,10
2022-12-01T20:24:58,2,8,0,10
2022-12-01T20:34:18,2,8,0,10
2022-12-01T20:43:52,2,8,0,10
2022-12-01T20:53:20,2,8,0,10
2022-12-01T21:02:46,2,8,0,10
2022-12-01T21:12:14,2,8,0,10
2022-12-01T21:21:43,2,8,0,10
2022-12-01T21:31:17,2,8,0,10
2022-12-01T21:40:49,2,8,0,10
2022-12-01T21:50:24,2,8,0,10
2022-12-01T21:59:58,2,8,0,10
2022-12-01T22:09:32,2,8,0,10
2022-12-01T22:19:03,2,8,0,10
2022-12-01T22:28:41,2,8,0,10
2022-12-01T22:38:03,2,8,0,10
2022-12-01T22:47:25,2,8,0,10
2022-12-01T22:56:55,2,8,0,10
2022-12-01T23:06:25,2,8,0,10
2022-12-01T23:15:55,2,8,0,10
2022-12-01T23:25:24,2,8,0,10
2022-12-01T23:34:53,2,8,0,10
2022-12-01T23:44:22,2,8,0,10
2022-12-01T23:53:49,2,8,0,10
2022-12-02T00:03:18,2,8,0,10
2022-12-02T00:12:48,2,8,0,10
2022-12-02T00:22:17,2,8,0,10
2022-12-02T00:31:42,2,8,0,10
2022-12-02T00:41:09,2,8,0,10
2022-12-02T00:50:41,2,8,0,10
2022-12-02T01:00:01,2,8,0,10
2022-12-02T01:09:22,2,8,0,10
2022-12-02T01:18:45,2,8,0,10
2022-12-02T01:28:07,2,8,0,10
2022-12-02T01:37:32,2,8,0,10
2022-12-02T01:46:52,2,8,0,10
2022-12-02T01:56:14,2,8,0,10
2022-12-02T02:05:33,2,8,0,10
2022-12-02T02:14:50,2,8,0,10
2022-12-02T02:24:06,2,8,0,10
2022-12-02T02:33:23,2,8,0,10
2022-12-02T02:42:42,2,8,0,10
2022-12-02T02:51:59,2,8,0,10
2022-12-02T03:01:16,2,8,0,10
2022-12-02T03:10:34,2,8,0,10
2022-12-02T03:20:03,2,8,0,10
2022-12-02T03:29:21,2,8,0,10
2022-12-02T03:38:40,2,8,0,10
2022-12-02T03:48:01,2,8,0,10
2022-12-02T03:57:21,2,8,0,10
2022-12-02T04:24:31,2,8,0,10
2022-12-02T04:33:54,2,8,0,10
2022-12-02T04:43:15,2,8,0,10
2022-12-02T04:52:35,2,8,0,10
2022-12-02T05:01:53,2,8,0,10
2022-12-02T05:11:13,2,8,0,10
2022-12-02T05:20:32,2,8,0,10
2022-12-02T05:29:50,2,8,0,10
2022-12-02T05:39:10,2,8,0,10
2022-12-02T05:48:30,2,8,0,10
2022-12-02T05:57:53,2,8,0,10
2022-12-02T06:07:19,2,8,0,10
2022-12-02T06:16:43,2,8,0,10
2022-12-02T06:26:04,2,8,0,10
2022-12-02T06:35:25,2,8,0,10
2022-12-02T06:44:45,2,8,0,10
2022-12-02T06:54:06,2,8,0,10
2022-12-02T07:03:27,2,8,0,10
2022-12-02T07:12:48,2,8,0,10
2022-12-02T07:22:10,2,8,0,10
2022-12-02T07:31:33,2,8,0,10
2022-12-02T07:40:55,2,8,0,10
2022-12-02T07:50:15,2,8,0,10
2022-12-02T07:59:38,2,8,0,10
2022-12-02T08:09:01,2,8,0,10
2022-12-02T08:18:24,2,8,0,10
2022-12-02T08:27:56,2,8,0,10
2022-12-02T08:37:18,2,8,0,10
2022-12-02T08:46:38,2,8,0,10
2022-12-02T08:55:58,2,8,0,10
2022-12-02T09:05:18,2,8,0,10
2022-12-02T09:14:38,2,8,0,10
2022-12-02T09:23:59,2,8,0,10
2022-12-02T09:33:20,2,8,0,10
2022-12-02T09:42:46,2,8,0,10
2022-12-02T09:52:07,2,8,0,10
2022-12-02T10:01:29,2,8,0,10
2022-12-02T10:11:02,2,8,0,10
2022-12-02T10:20:23,2,8,0,10
2022-12-02T10:29:43,2,8,0,10
2022-12-02T10:39:04,2,8,0,10
2022-12-02T10:48:25,2,8,0,10
2022-12-02T10:57:46,2,8,0,10
2022-12-02T11:07:10,2,8,0,10
2022-12-02T11:16:43,2,8,0,10
2022-12-02T11:26:07,2,8,0,10
2022-12-02T11:35:34,2,8,0,10
2022-12-02T11:45:00,2,8,0,10
2022-12-02T11:54:20,2,8,0,10
2022-12-02T12:03:41,2,8,0,10
2022-12-02T12:13:02,2,8,0,10
2022-12-02T12:22:32,2,8,0,10
2022-12-02T12:31:51,2,8,0,10
2022-12-02T12:41:13,2,8,0,10
2022-12-02T12:50:34,2,8,0,10
2022-12-02T12:59:56,2,8,0,10
2022-12-02T13:09:17,2,8,0,10
2022-12-02T13:18:38,2,8,0,10
2022-12-02T13:27:59,2,8,0,10
2022-12-02T13:37:30,2,8,0,10
2022-12-02T13:46:51,2,8,0,10
2022-12-02T13:56:12,2,8,0,10
2022-12-02T14:05:35,2,8,0,10
2022-12-02T14:14:57,2,8,0,10
2022-12-02T14:24:29,2,8,0,10
2022-12-02T14:33:50,2,8,0,10
2022-12-02T14:43:11,2,8,0,10
2022-12-02T14:52:33,2,8,0,10
2022-12-02T15:01:55,2,8,0,10
2022-12-02T15:11:17,2,8,0,10
2022-12-02T15:20:48,2,8,0,10
2022-12-02T15:30:09,2,8,0,10
2022-12-02T15:39:30,2,8,0,10
2022-12-02T15:48:52,2,8,0,10
2022-12-02T15:58:13,2,8,0,10
2022-12-02T16:07:34,2,8,0,10
2022-12-02T16:16:57,2,8,0,10
2022-12-02T16:26:30,2,8,0,10
2022-12-02T16:35:51,2,8,0,10
2022-12-02T16:45:12,2,8,0,10
2022-12-02T16:54:33,2,8,0,10
2022-12-02T17:03:55,2,8,0,10
2022-12-02T17:13:16,2,8,0,10
2022-12-02T17:22:46,2,8,0,10
2022-12-02T17:32:06,2,8,0,10
2022-12-02T17:41:26,2,8,0,10
2022-12-02T17:50:45,2,8,0,10
2022-12-02T18:00:05,2,8,0,10
2022-12-02T18:09:27,2,8,0,10
2022-12-02T18:18:47,2,8,0,10
2022-12-02T18:28:08,2,8,0,10
2022-12-02T18:37:28,2,8,0,10
2022-12-02T18:46:47,2,8,0,10
2022-12-02T18:56:16,2,8,0,10
2022-12-02T19:05:36,2,8,0,10
2022-12-02T19:14:58,2,8,0,10
2022-12-02T19:24:17,2,8,0,10
2022-12-02T19:33:36,2,8,0,10
2022-12-02T19:42:56,2,8,0,10
2022-12-02T19:52:16,2,8,0,10
2022-12-02T20:01:35,2,8,0,10
2022-12-02T20:10:56,2,8,0,10
2022-12-02T20:20:17,2,8,0,10
2022-12-02T20:29:36,2,8,0,10
2022-12-02T20:39:07,2,8,0,10
2022-12-02T20:48:27,2,8,0,10
2022-12-02T20:57:47,2,8,0,10
2022-12-02T21:07:06,2,8,0,10
2022-12-02T21:16:27,2,8,0,10
2022-12-02T21:25:48,2,8,0,10
2022-12-02T21:35:07,2,8,0,10
2022-12-02T21:44:26,2,8,0,10
2022-12-02T21:53:44,2,8,0,10
2022-12-02T22:03:04,2,8,0,10
2022-12-02T22:12:24,2,8,0,10
2022-12-02T22:21:55,2,8,0,10
2022-12-02T22:31:13,2,8,0,10
2022-12-02T22:40:32,2,8,0,10
2022-12-02T22:49:51,2,8,0,10
2022-12-02T22:59:11,2,8,0,10
2022-12-02T23:08:34,2,8,0,10
2022-12-02T23:17:54,2,8,0,10
2022-12-02T23:27:14,2,8,0,10
2022-12-02T23:36:33,2,8,0,10
2022-12-02T23:46:03,2,8,0,10
2022-12-02T23:55:21,2,8,0,10
2022-12-03T00:04:41,2,8,0,10
2022-12-03T00:14:08,2,8,0,10
2022-12-03T00:23:32,2,8,0,10
2022-12-03T00:32:53,2,8,0,10
2022-12-03T00:42:16,2,8,0,10
2022-12-03T00:51:39,2,8,0,10
2022-12-03T01:01:02,2,8,0,10
2022-12-03T01:10:26,2,8,0,10
2022-12-03T01:19:50,2,8,0,10
2022-12-03T01:29:15,2,8,0,10
2022-12-03T01:38:37,2,8,0,10
2022-12-03T01:47:59,2,8,0,10
2022-12-03T01:57:19,2,8,0,10
2022-12-03T02:06:39,2,8,0,10
2022-12-03T02:16:09,2,8,0,10
2022-12-03T02:25:28,2,8,0,10
2022-12-03T02:34:48,2,8,0,10
2022-12-03T02:44:07,2,8,0,10
2022-12-03T02:53:26,2,8,0,10
2022-12-03T03:02:47,2,8,0,10
2022-12-03T03:12:07,2,8,0,10
2022-12-03T03:21:25,2,8,0,10
2022-12-03T03:30:45,2,8,0,10
2022-12-03T03:40:06,2,8,0,10
2022-12-03T03:49:28,2,8,0,10
2022-12-03T03:58:50,2,8,0,10
2022-12-03T04:23:55,2,8,0,10
2022-12-03T04:33:18,2,8,0,10
2022-12-03T04:44:30,2,8,0,10
2022-12-03T04:53:50,2,8,0,10
2022-12-03T05:03:09,2,8,0,10
2022-12-03T05:12:31,2,8,0,10
2022-12-03T05:21:49,2,8,0,10
2022-12-03T05:31:07,2,8,0,10
2022-12-03T05:40:26,2,8,0,10
2022-12-03T05:49:46,2,8,0,10
2022-12-03T05:59:08,2,8,0,10
2022-12-03T06:08:31,2,8,0,10
2022-12-03T06:17:54,2,8,0,10
2022-12-03T06:27:17,2,8,0,10
2022-12-03T06:36:42,2,8,0,10
2022-12-03T06:46:06,2,8,0,10
2022-12-03T06:55:30,2,8,0,10
2022-12-03T07:04:52,2,8,0,10
2022-12-03T07:14:31,2,8,0,10
2022-12-03T07:23:56,2,8,0,10
2022-12-03T07:33:20,2,8,0,10
2022-12-03T07:42:44,2,8,0,10
2022-12-03T07:52:08,2,8,0,10
2022-12-03T08:01:32,2,8,0,10
2022-12-03T08:10:56,2,8,0,10
2022-12-03T08:20:20,2,8,0,10
2022-12-03T08:29:45,2,8,0,10
2022-12-03T08:39:09,2,8,0,10
2022-12-03T08:48:33,2,8,0,10
2022-12-03T08:57:56,2,8,0,10
2022-12-03T09:07:19,2,8,0,10
2022-12-03T09:16:52,2,8,0,10
2022-12-03T09:26:15,2,8,0,10
2022-12-03T09:35:38,2,8,0,10
2022-12-03T09:45:01,2,8,0,10
2022-12-03T09:54:24,2,8,0,10
2022-12-03T10:03:47,2,8,0,10
2022-12-03T10:13:06,2,8,0,10
2022-12-03T10:22:25,2,8,0,10
2022-12-03T10:31:44,2,8,0,10
2022-12-03T10:41:04,2,8,0,10
2022-12-03T10:50:23,2,8,0,10
2022-12-03T10:59:41,2,8,0,10
2022-12-03T11:09:08,2,8,0,10
2022-12-03T11:18:26,2,8,0,10
2022-12-03T11:27:44,2,8,0,10
2022-12-03T11:37:01,2,8,0,10
2022-12-03T11:46:18,2,8,0,10
2022-12-03T11:55:36,2,8,0,10
2022-12-03T12:04:54,2,8,0,10
2022-12-03T12:14:14,2,8,0,10
2022-12-03T12:23:31,2,8,0,10
2022-12-03T12:32:48,2,8,0,10
2022-12-03T12:42:05,2,8,0,10
2022-12-03T12:51:38,2,8,0,10
2022-12-03T13:00:55,2,8,0,10
2022-12-03T13:10:15,2,8,0,10
2022-12-03T13:19:33,2,8,0,10
2022-12-03T13:28:51,2,8,0,10
2022-12-03T13:38:09,2,8,0,10
2022-12-03T13:47:26,2,8,0,10
2022-12-03T13:56:43,2,8,0,10
2022-12-03T14:06:01,2,8,0,10
2022-12-03T14:15:29,2,8,0,10
2022-12-03T14:24:47,2,8,0,10
2022-12-03T14:34:04,2,8,0,10
2022-12-03T14:43:24,2,8,0,10
2022-12-03T14:52:42,2,8,0,10
2022-12-03T15:01:59,2,8,0,10
2022-12-03T15:11:26,2,8,0,10
2022-12-03T15:20:42,2,8,0,10
2022-12-03T15:30:00,2,8,0,10
2022-12-03T15:39:19,2,8,0,10
2022-12-03T15:48:37,2,8,0,10
2022-12-03T15:57:54,2,8,0,10
2022-12-03T16:07:23,2,8,0,10
2022-12-03T16:16:40,2,8,0,10
2022-12-03T16:25:57,2,8,0,10
2022-12-03T16:35:15,2,8,0,10
2022-12-03T16:44:32,2,8,0,10
2022-12-03T16:53:49,2,8,0,10
2022-12-03T17:03:06,2,8,0,10
2022-12-03T17:12:42,2,8,0,10
2022-12-03T17:22:00,2,8,0,10
2022-12-03T17:31:17,2,8,0,10
2022-12-03T17:40:34,2,8,0,10
2022-12-03T17:49:52,2,8,0,10
2022-12-03T17:59:10,2,8,0,10
2022-12-03T18:08:27,2,8,0,10
2022-12-03T18:18:00,2,8,0,10
2022-12-03T18:27:19,2,8,0,10
2022-12-03T18:36:36,2,8,0,10
2022-12-03T18:45:54,2,8,0,10
2022-12-03T18:55:11,2,8,0,10
2022-12-03T19:04:30,2,8,0,10
2022-12-03T19:13:47,2,8,0,10
2022-12-03T19:23:06,2,8,0,10
2022-12-03T19:32:32,2,8,0,10
2022-12-03T19:41:49,2,8,0,10
2022-12-03T19:51:06,2,8,0,10
2022-12-03T20:00:23,2,8,0,10
2022-12-03T20:09:41,2,8,0,10
2022-12-03T20:18:57,2,8,0,10
2022-12-03T20:28:14,2,8,0,10
2022-12-03T20:37:35,2,8,0,10
2022-12-03T20:46:51,2,8,0,10
2022-12-03T20:56:09,2,8,0,10
2022-12-03T21:05:37,2,8,0,10
2022-12-03T21:14:54,2,8,0,10
2022-12-03T21:24:11,2,8,0,10
2022-12-03T21:33:28,2,8,0,10
2022-12-03T21:42:46,2,8,0,10
2022-12-03T21:52:03,2,8,0,10
2022-12-03T22:01:20,2,8,0,10
2022-12-03T22:10:37,2,8,0,10
2022-12-03T22:19:55,2,8,0,10
2022-12-03T22:29:12,2,8,0,10
2022-12-03T22:38:30,2,8,0,10
2022-12-03T22:47:57,2,8,0,10
2022-12-03T22:57:14,2,8,0,10
2022-12-03T23:06:32,2,8,0,10
2022-12-03T23:15:51,2,8,0,10
2022-12-03T23:25:09,2,8,0,10
2022-12-03T23:34:27,2,8,0,10
2022-12-03T23:43:45,2,8,0,10
2022-12-03T23:53:01,2,8,0,10
2022-12-04T00:02:19,2,8,0,10
2022-12-04T00:11:40,2,8,0,10
2022-12-04T00:21:02,2,8,0,10
2022-12-04T00:30:40,2,8,0,10
2022-12-04T00:39:59,2,8,0,10
2022-12-04T00:49:18,2,8,0,10
2022-12-04T00:58:35,2,8,0,10
2022-12-04T01:07:55,2,8,0,10
2022-12-04T01:17:20,2,8,0,10
2022-12-04T01:26:39,2,8,0,10
2022-12-04T01:35:58,2,8,0,10
2022-12-04T01:45:22,2,8,0,10
2022-12-04T01:54:48,2,8,0,10
2022-12-04T02:04:17,2,8,0,10
2022-12-04T02:13:45,2,8,0,10
2022-12-04T02:23:13,2,8,0,10
2022-12-04T02:32:42,2,8,0,10
2022-12-04T02:42:23,2,8,0,10
2022-12-04T02:51:49,2,8,0,10
2022-12-04T03:01:16,2,8,0,10
2022-12-04T03:10:41,2,8,0,10
2022-12-04T03:20:04,2,8,0,10
2022-12-04T03:29:28,2,8,0,10
2022-12-04T03:38:52,2,8,0,10
2022-12-04T03:48:13,2,8,0,10
2022-12-04T03:57:33,2,8,0,10
2022-12-04T04:06:55,2,8,0,10
2022-12-04T04:34:16,2,8,0,10
2022-12-04T04:43:37,2,8,0,10
2022-12-04T04:52:58,2,8,0,10
2022-12-04T05:02:17,2,8,0,10
2022-12-04T05:11:35,2,8,0,10
2022-12-04T05:20:50,2,8,0,10
2022-12-04T05:30:07,2,8,0,10
2022-12-04T05:39:23,2,8,0,10
2022-12-04T05:48:42,2,8,0,10
2022-12-04T05:58:02,2,8,0,10
2022-12-04T06:07:23,2,8,0,10
2022-12-04T06:16:43,2,8,0,10
2022-12-04T06:26:04,2,8,0,10
2022-12-04T06:35:26,2,8,0,10
2022-12-04T06:44:47,2,8,0,10
2022-12-04T06:54:06,2,8,0,10
2022-12-04T07:03:25,2,8,0,10
2022-12-04T07:12:43,2,8,0,10
2022-12-04T07:22:03,2,8,0,10
2022-12-04T07:31:22,2,8,0,10
2022-12-04T07:40:42,2,8,0,10
2022-12-04T07:50:02,2,8,0,10
2022-12-04T07:59:21,2,8,0,10
2022-12-04T08:08:40,2,8,0,10
2022-12-04T08:17:59,2,8,0,10
2022-12-04T08:27:19,2,8,0,10
2022-12-04T08:36:48,2,8,0,10
2022-12-04T08:46:06,2,8,0,10
2022-12-04T08:55:25,2,8,0,10
2022-12-04T09:04:44,2,8,0,10
2022-12-04T09:14:04,2,8,0,10
2022-12-04T09:23:22,2,8,0,10
2022-12-04T09:32:41,2,8,0,10
2022-12-04T09:42:00,2,8,0,10
2022-12-04T09:51:18,2,8,0,10
2022-12-04T10:00:38,2,8,0,10
2022-12-04T10:09:57,2,8,0,10
2022-12-04T10:19:16,2,8,0,10
2022-12-04T10:28:37,2,8,0,10
2022-12-04T10:38:07,2,8,0,10
2022-12-04T10:47:27,2,8,0,10
2022-12-04T10:56:46,2,8,0,10
2022-12-04T11:06:06,2,8,0,10
2022-12-04T11:15:26,2,8,0,10
2022-12-04T11:24:45,2,8,0,10
2022-12-04T11:34:05,2,8,0,10
2022-12-04T11:43:24,2,8,0,10
2022-12-04T11:52:43,2,8,0,10
2022-12-04T12:02:02,2,8,0,10
2022-12-04T12:11:21,2,8,0,10
2022-12-04T12:20:40,2,8,0,10
2022-12-04T12:30:11,2,8,0,10
2022-12-04T12:39:30,2,8,0,10
2022-12-04T12:48:48,2,8,0,10
2022-12-04T12:58:07,2,8,0,10
2022-12-04T13:07:26,2,8,0,10
2022-12-04T13:16:45,2,8,0,10
2022-12-04T13:26:06,2,8,0,10
2022-12-04T13:35:25,2,8,0,10
2022-12-04T13:44:53,2,8,0,10
2022-12-04T13:54:12,2,8,0,10
2022-12-04T14:03:31,2,8,0,10
2022-12-04T14:12:50,2,8,0,10
2022-12-04T14:22:09,2,8,0,10
2022-12-04T14:31:28,2,8,0,10
2022-12-04T14:40:48,2,8,0,10
2022-12-04T14:50:06,2,8,0,10
2022-12-04T14:59:25,2,8,0,10
2022-12-04T15:08:45,2,8,0,10
2022-12-04T15:18:14,2,8,0,10
2022-12-04T15:27:34,2,8,0,10
2022-12-04T15:36:53,2,8,0,10
2022-12-04T15:46:12,2,8,0,10
2022-12-04T15:55:32,2,8,0,10
2022-12-04T16:04:51,2,8,0,10
2022-12-04T16:14:11,2,8,0,10
2022-12-04T16:23:31,2,8,0,10
2022-12-04T16:32:50,2,8,0,10
2022-12-04T16:42:20,2,8,0,10
2022-12-04T16:51:39,2,8,0,10
2022-12-04T17:00:58,2,8,0,10
2022-12-04T17:10:18,2,8,0,10
2022-12-04T17:19:38,2,8,0,10
2022-12-04T17:28:58,2,8,0,10
2022-12-04T17:38:17,2,8,0,10
2022-12-04T17:47:37,2,8,0,10
2022-12-04T17:57:05,2,8,0,10
2022-12-04T18:06:25,2,8,0,10
2022-12-04T18:15:45,2,8,0,10
2022-12-04T18:25:06,2,8,0,10
2022-12-04T18:34:25,2,8,0,10
2022-12-04T18:43:45,2,8,0,10
2022-12-04T18:53:05,2,8,0,10
2022-12-04T19:02:28,2,8,0,10
2022-12-04T19:11:51,2,8,0,10
2022-12-04T19:21:11,2,8,0,10
2022-12-04T19:30:40,2,8,0,10
2022-12-04T19:40:00,2,8,0,10
2022-12-04T19:49:23,2,8,0,10
2022-12-04T19:58:43,2,8,0,10
2022-12-04T20:08:02,2,8,0,10
2022-12-04T20:17:21,2,8,0,10
2022-12-04T20:26:40,2,8,0,10
2022-12-04T20:36:01,2,8,0,10
2022-12-04T20:45:30,2,8,0,10
2022-12-04T20:54:51,2,8,0,10
2022-12-04T21:04:11,2,8,0,10
2022-12-04T21:13:31,2,8,0,10
2022-12-04T21:22:53,2,8,0,10
2022-12-04T21:32:13,2,8,0,10
2022-12-04T21:41:34,2,8,0,10
2022-12-04T21:50:54,2,8,0,10
2022-12-04T22:00:14,2,8,0,10
2022-12-04T22:09:45,2,8,0,10
2022-12-04T22:19:04,2,8,0,10
2022-12-04T22:28:24,2,8,0,10
2022-12-04T22:37:45,2,8,0,10
2022-12-04T22:47:05,2,8,0,10
2022-12-04T22:56:25,2,8,0,10
2022-12-04T23:05:46,2,8,0,10
2022-12-04T23:15:06,2,8,0,10
2022-12-04T23:24:28,2,8,0,10
2022-12-04T23:33:48,2,8,0,10
2022-12-04T23:43:07,2,8,0,10
2022-12-04T23:52:37,2,8,0,10
2022-12-05T00:01:56,2,8,0,10
2022-12-05T00:11:19,2,8,0,10
2022-12-05T00:20:45,2,8,0,10
2022-12-05T00:30:08,2,8,0,10
2022-12-05T00:39:32,2,8,0,10
2022-12-05T00:48:56,2,8,0,10
2022-12-05T00:58:17,2,8,0,10
2022-12-05T01:07:40,2,8,0,10
2022-12-05T01:17:12,2,8,0,10
2022-12-05T01:26:34,2,8,0,10
2022-12-05T01:35:57,2,8,0,10
2022-12-05T01:45:19,2,8,0,10
2022-12-05T01:54:51,2,8,0,10
2022-12-05T02:04:13,2,8,0,10
2022-12-05T02:13:36,2,8,0,10
2022-12-05T02:22:57,2,8,0,10
2022-12-05T02:32:18,2,8,0,10
2022-12-05T02:41:38,2,8,0,10
2022-12-05T02:50:58,2,8,0,10
2022-12-05T03:00:19,2,8,0,10
2022-12-05T03:09:38,2,8,0,10
2022-12-05T03:18:58,2,8,0,10
2022-12-05T03:28:19,2,8,0,10
2022-12-05T03:37:41,2,8,0,10
2022-12-05T03:47:03,2,8,0,10
2022-12-05T03:56:25,2,8,0,10
2022-12-05T04:05:47,2,8,0,10
2022-12-05T04:15:12,2,8,0,10
2022-12-05T04:32:39,2,8,0,10
2022-12-05T04:42:04,2,8,0,10
2022-12-05T04:51:27,2,8,0,10
2022-12-05T05:00:48,2,8,0,10
2022-12-05T05:10:10,2,8,0,10
2022-12-05T05:19:30,2,8,0,10
2022-12-05T05:28:50,2,8,0,10
2022-12-05T05:38:10,2,8,0,10
2022-12-05T05:47:31,2,8,0,10
2022-12-05T05:56:57,2,8,0,10
2022-12-05T06:06:24,2,8,0,10
2022-12-05T06:15:46,2,8,0,10
2022-12-05T06:25:09,2,8,0,10
2022-12-05T06:34:29,2,8,0,10
2022-12-05T06:43:50,2,8,0,10
2022-12-05T06:53:11,2,8,0,10
2022-12-05T07:02:31,2,8,0,10
2022-12-05T07:11:53,2,8,0,10
2022-12-05T07:21:16,2,8,0,10
2022-12-05T07:30:39,2,8,0,10
2022-12-05T07:40:02,2,8,0,10
2022-12-05T07:49:25,2,8,0,10
2022-12-05T07:58:47,2,8,0,10
2022-12-05T08:08:09,2,8,0,10
2022-12-05T08:17:42,2,8,0,10
2022-12-05T08:27:04,2,8,0,10
2022-12-05T08:36:26,2,8,0,10
2022-12-05T08:45:47,2,8,0,10
2022-12-05T08:55:09,2,8,0,10
2022-12-05T09:04:29,2,8,0,10
2022-12-05T09:13:50,2,8,0,10
2022-12-05T09:23:11,2,8,0,10
2022-12-05T09:32:32,2,8,0,10
2022-12-05T09:41:55,2,8,0,10
2022-12-05T09:51:16,2,8,0,10
2022-12-05T10:00:37,2,8,0,10
2022-12-05T10:10:07,2,8,0,10
2022-12-05T10:19:29,2,8,0,10
2022-12-05T10:28:52,2,8,0,10
2022-12-05T10:38:15,2,8,0,10
2022-12-05T10:47:37,2,8,0,10
2022-12-05T10:56:58,2,8,0,10
2022-12-05T11:06:20,2,8,0,10
2022-12-05T11:15:41,2,8,0,10
2022-12-05T11:25:16,2,8,0,10
2022-12-05T11:34:37,2,8,0,10
2022-12-05T11:43:59,2,8,0,10
2022-12-05T11:53:20,2,8,0,10
2022-12-05T12:02:41,2,8,0,10
2022-12-05T12:12:04,2,8,0,10
2022-12-05T12:21:24,2,8,0,10
2022-12-05T12:30:48,2,8,0,10
2022-12-05T12:40:19,2,8,0,10
2022-12-05T12:49:40,2,8,0,10
2022-12-05T12:59:01,2,8,0,10
2022-12-05T13:08:24,2,8,0,10
2022-12-05T13:17:45,2,8,0,10
2022-12-05T13:27:07,2,8,0,10
2022-12-05T13:36:29,2,8,0,10
2022-12-05T13:45:50,2,8,0,10
2022-12-05T13:55:22,2,8,0,10
2022-12-05T14:04:44,2,8,0,10
2022-12-05T14:14:07,2,8,0,10
2022-12-05T14:23:28,2,8,0,10
2022-12-05T14:32:51,2,8,0,10
2022-12-05T14:42:15,2,8,0,10
2022-12-05T14:51:36,2,8,0,10
2022-12-05T15:01:08,2,8,0,10
2022-12-05T15:10:30,2,8,0,10
2022-12-05T15:19:51,2,8,0,10
2022-12-05T15:29:14,2,8,0,10
2022-12-05T15:38:35,2,8,0,10
2022-12-05T15:47:56,2,8,0,10
2022-12-05T15:57:17,2,8,0,10
2022-12-05T16:06:39,2,8,0,10
2022-12-05T16:16:01,2,8,0,10
2022-12-05T16:25:31,2,8,0,10
2022-12-05T16:34:52,2,8,0,10
2022-12-05T16:44:13,2,8,0,10
2022-12-05T16:53:32,2,8,0,10
2022-12-05T17:02:54,2,8,0,10
2022-12-05T17:12:15,2,8,0,10
2022-12-05T17:21:36,2,8,0,10
2022-12-05T17:30:57,2,8,0,10
2022-12-05T17:40:27,2,8,0,10
2022-12-05T17:49:47,2,8,0,10
2022-12-05T17:59:07,2,8,0,10
2022-12-05T18:08:27,2,8,0,10
2022-12-05T18:17:47,2,8,0,10
2022-12-05T18:27:08,2,8,0,10
2022-12-05T18:36:27,2,8,0,10
2022-12-05T18:45:49,2,8,0,10
2022-12-05T18:55:09,2,8,0,10
2022-12-05T19:04:29,2,8,0,10
2022-12-05T19:13:49,2,8,0,10
2022-12-05T19:23:10,2,8,0,10
2022-12-05T19:32:29,2,8,0,10
2022-12-05T19:41:54,2,8,0,10
2022-12-05T19:51:23,2,8,0,10
2022-12-05T20:00:42,2,8,0,10
2022-12-05T20:10:02,2,8,0,10
2022-12-05T20:19:21,2,8,0,10
2022-12-05T20:28:41,2,8,0,10
2022-12-05T20:38:00,2,8,0,10
2022-12-05T20:47:19,2,8,0,10
2022-12-05T20:56:39,2,8,0,10
2022-12-05T21:05:58,2,8,0,10
2022-12-05T21:15:18,2,8,0,10
2022-12-05T21:24:38,2,8,0,10
2022-12-05T21:34:08,2,8,0,10
2022-12-05T21:43:29,2,8,0,10
2022-12-05T21:52:48,2,8,0,10
2022-12-05T22:02:07,2,8,0,10
2022-12-05T22:11:28,2,8,0,10
2022-12-05T22:20:48,2,8,0,10
2022-12-05T22:30:11,2,8,0,10
2022-12-05T22:39:30,2,8,0,10
2022-12-05T22:48:49,2,8,0,10
2022-12-05T22:58:09,2,8,0,10
2022-12-05T23:07:30,2,8,0,10
2022-12-05T23:16:49,2,8,0,10
2022-12-05T23:26:19,2,8,0,10
2022-12-05T23:35:38,2,8,0,10
2022-12-05T23:44:58,2,8,0,10
2022-12-05T23:54:17,2,8,0,10
2022-12-06T00:03:39,2,8,0,10
2022-12-06T00:13:00,2,8,0,10
2022-12-06T00:22:23,2,8,0,10
2022-12-06T00:31:43,2,8,0,10
2022-12-06T00:41:06,2,8,0,10
2022-12-06T00:50:29,2,8,0,10
2022-12-06T00:59:51,2,8,0,10
2022-12-06T01:09:12,2,8,0,10
2022-12-06T01:18:38,2,8,0,10
2022-12-06T01:28:01,2,8,0,10
2022-12-06T01:37:23,2,8,0,10
2022-12-06T01:46:54,2,8,0,10
2022-12-06T01:56:16,2,8,0,10
2022-12-06T02:05:36,2,8,0,10
2022-12-06T02:14:55,2,8,0,10
2022-12-06T02:24:15,2,8,0,10
2022-12-06T02:33:35,2,8,0,10
2022-12-06T02:42:55,2,8,0,10
2022-12-06T02:52:14,2,8,0,10
2022-12-06T03:01:34,2,8,0,10
2022-12-06T03:10:57,2,8,0,10
2022-12-06T03:20:19,2,8,0,10
2022-12-06T03:29:40,2,8,0,10
2022-12-06T03:39:02,2,8,0,10
2022-12-06T03:48:25,2,8,0,10
2022-12-06T03:57:46,2,8,0,10
2022-12-06T04:07:08,2,8,0,10
2022-12-06T04:24:19,2,8,0,10
2022-12-06T04:33:42,2,8,0,10
2022-12-06T04:43:04,2,8,0,10
2022-12-06T04:52:26,2,8,0,10
2022-12-06T05:01:47,2,8,0,10
2022-12-06T05:11:11,2,8,0,10
2022-12-06T05:20:32,2,8,0,10
2022-12-06T05:29:53,2,8,0,10
2022-12-06T05:39:15,2,8,0,10
2022-12-06T05:48:36,2,8,0,10
2022-12-06T05:57:59,2,8,0,10
2022-12-06T06:07:23,2,8,0,10
2022-12-06T06:16:46,2,8,0,10
2022-12-06T06:26:09,2,8,0,10
2022-12-06T06:35:29,2,8,0,10
2022-12-06T06:44:54,2,8,0,10
2022-12-06T06:54:14,2,8,0,10
2022-12-06T07:03:35,2,8,0,10
2022-12-06T07:12:57,2,8,0,10
2022-12-06T07:22:18,2,8,0,10
2022-12-06T07:31:40,2,8,0,10
2022-12-06T07:41:02,2,8,0,10
2022-12-06T07:50:25,2,8,0,10
2022-12-06T07:59:58,2,8,0,10
2022-12-06T08:09:21,2,8,0,10
2022-12-06T08:18:43,2,8,0,10
2022-12-06T08:28:06,2,8,0,10
2022-12-06T08:37:28,2,8,0,10
2022-12-06T08:46:50,2,8,0,10
2022-12-06T08:56:12,2,8,0,10
2022-12-06T09:05:53,2,8,0,10
2022-12-06T09:15:18,2,8,0,10
2022-12-06T09:24:43,2,8,0,10
2022-12-06T09:34:07,2,8,0,10
2022-12-06T09:43:30,2,8,0,10
2022-12-06T09:52:53,2,8,0,10
2022-12-06T10:02:25,2,8,0,10
2022-12-06T10:11:48,2,8,0,10
2022-12-06T10:21:11,2,8,0,10
2022-12-06T10:30:34,2,8,0,10
2022-12-06T10:39:57,2,8,0,10
2022-12-06T10:49:21,2,8,0,10
2022-12-06T10:58:45,2,8,0,10
2022-12-06T11:08:10,2,8,0,10
2022-12-06T11:17:33,2,8,0,10
2022-12-06T11:27:09,2,8,0,10
2022-12-06T11:36:33,2,8,0,10
2022-12-06T11:45:56,2,8,0,10
2022-12-06T11:55:18,2,8,0,10
2022-12-06T12:04:41,2,8,0,10
2022-12-06T12:14:03,2,8,0,10
2022-12-06T12:23:27,2,8,0,10
2022-12-06T12:32:48,2,8,0,10
2022-12-06T12:42:21,2,8,0,10
2022-12-06T12:51:42,2,8,0,10
2022-12-06T13:01:05,2,8,0,10
2022-12-06T13:10:29,2,8,0,10
2022-12-06T13:19:52,2,8,0,10
2022-12-06T13:29:15,2,8,0,10
2022-12-06T13:38:38,2,8,0,10
2022-12-06T13:48:01,2,8,0,10
2022-12-06T13:57:23,2,8,0,10
2022-12-06T14:06:59,2,8,0,10
2022-12-06T14:16:22,2,8,0,10
2022-12-06T14:25:46,2,8,0,10
2022-12-06T14:35:11,2,8,0,10
2022-12-06T14:44:33,2,8,0,10
2022-12-06T14:53:56,2,8,0,10
2022-12-06T15:03:18,2,8,0,10
2022-12-06T15:12:40,2,8,0,10
2022-12-06T15:22:14,2,8,0,10
2022-12-06T15:31:38,2,8,0,10
2022-12-06T15:41:00,2,8,0,10
2022-12-06T15:50:23,2,8,0,10
2022-12-06T15:59:46,2,8,0,10
2022-12-06T16:09:08,2,8,0,10
2022-12-06T16:18:30,2,8,0,10
2022-12-06T16:27:52,2,8,0,10
2022-12-06T16:37:26,2,8,0,10
2022-12-06T16:46:50,2,8,0,10
2022-12-06T16:56:14,2,8,0,10
2022-12-06T17:05:39,2,8,0,10
2022-12-06T17:15:03,2,8,0,10
2022-12-06T17:24:26,2,8,0,10
2022-12-06T17:33:47,2,8,0,10
2022-12-06T17:43:08,2,8,0,10
2022-12-06T17:52:30,2,8,0,10
2022-12-06T18:02:05,2,8,0,10
2022-12-06T18:11:30,2,8,0,10
2022-12-06T18:20:54,2,8,0,10
2022-12-06T18:30:19,2,8,0,10
2022-12-06T18:39:42,2,8,0,10
2022-12-06T18:49:06,2,8,0,10
2022-12-06T18:58:28,2,8,0,10
2022-12-06T19:08:01,2,8,0,10
2022-12-06T19:17:23,2,8,0,10
2022-12-06T19:26:45,2,8,0,10
2022-12-06T19:36:06,2,8,0,10
2022-12-06T19:45:27,2,8,0,10
2022-12-06T19:54:49,2,8,0,10
2022-12-06T20:04:10,2,8,0,10
2022-12-06T20:13:31,2,8,0,10
2022-12-06T20:22:52,2,8,0,10
2022-12-06T20:32:13,2,8,0,10
2022-12-06T20:41:46,2,8,0,10
2022-12-06T20:51:08,2,8,0,10
2022-12-06T21:00:29,2,8,0,10
2022-12-06T21:09:50,2,8,0,10
2022-12-06T21:19:12,2,8,0,10
2022-12-06T21:28:34,2,8,0,10
2022-12-06T21:37:54,2,8,0,10
2022-12-06T21:47:14,2,8,0,10
2022-12-06T21:56:34,2,8,0,10
2022-12-06T22:06:07,2,8,0,10
2022-12-06T22:15:28,2,8,0,10
2022-12-06T22:24:49,2,8,0,10
2022-12-06T22:34:10,2,8,0,10
2022-12-06T22:43:30,2,8,0,10
2022-12-06T22:52:50,2,8,0,10
2022-12-06T23:02:11,2,8,0,10
2022-12-06T23:11:33,2,8,0,10
2022-12-06T23:20:54,2,8,0,10
2022-12-06T23:30:15,2,8,0,10
2022-12-06T23:39:47,2,8,0,10
2022-12-06T23:49:07,2,8,0,10
2022-12-06T23:58:27,2,8,0,10
2022-12-07T00:07:49,2,8,0,10
2022-12-07T00:17:12,2,8,0,10
2022-12-07T00:26:36,2,8,0,10
2022-12-07T00:35:58,2,8,0,10
2022-12-07T00:45:19,2,8,0,10
2022-12-07T00:54:43,2,8,0,10
2022-12-07T01:04:06,2,8,0,10
2022-12-07T01:13:29,2,8,0,10
2022-12-07T01:22:54,2,8,0,10
2022-12-07T01:32:19,2,8,0,10
2022-12-07T01:41:42,2,8,0,10
2022-12-07T01:51:06,2,8,0,10
2022-12-07T02:00:42,2,8,0,10
2022-12-07T02:10:06,2,8,0,10
2022-12-07T02:19:29,2,8,0,10
2022-12-07T02:28:53,2,8,0,10
2022-12-07T02:38:17,2,8,0,10
2022-12-07T02:47:41,2,8,0,10
2022-12-07T02:57:05,2,8,0,10
2022-12-07T03:06:27,2,8,0,10
2022-12-07T03:15:49,2,8,0,10
2022-12-07T03:25:12,2,8,0,10
2022-12-07T03:34:33,2,8,0,10
2022-12-07T03:43:57,2,8,0,10
2022-12-07T03:53:20,2,8,0,10
2022-12-07T04:02:43,2,8,0,10
2022-12-07T04:29:17,2,8,0,10
2022-12-07T04:38:44,2,8,0,10
2022-12-07T04:48:10,2,8,0,10
2022-12-07T04:57:35,2,8,0,10
2022-12-07T05:06:56,2,8,0,10
2022-12-07T05:16:18,2,8,0,10
2022-12-07T05:25:42,2,8,0,10
2022-12-07T05:35:04,2,8,0,10
2022-12-07T05:46:29,2,8,0,10
2022-12-07T05:55:54,2,8,0,10
2022-12-07T06:05:20,2,8,0,10
2022-12-07T06:14:46,2,8,0,10
2022-12-07T06:24:14,2,8,0,10
2022-12-07T06:33:37,2,8,0,10
2022-12-07T06:43:00,2,8,0,10
2022-12-07T06:52:22,2,8,0,10
2022-12-07T07:01:45,2,8,0,10
2022-12-07T07:11:09,2,8,0,10
2022-12-07T07:20:41,2,8,0,10
2022-12-07T07:30:04,2,8,0,10
2022-12-07T07:39:29,2,8,0,10
2022-12-07T07:48:53,2,8,0,10
2022-12-07T07:58:17,2,8,0,10
2022-12-07T08:07:41,2,8,0,10
2022-12-07T08:17:05,2,8,0,10
2022-12-07T08:26:30,2,8,0,10
2022-12-07T08:35:55,2,8,0,10
2022-12-07T08:45:20,2,8,0,10
2022-12-07T08:54:45,2,8,0,10
2022-12-07T09:04:22,2,8,0,10
2022-12-07T09:13:49,2,8,0,10
2022-12-07T09:23:19,2,8,0,10
2022-12-07T09:32:48,2,8,0,10
2022-12-07T09:42:16,2,8,0,10
2022-12-07T09:51:43,2,8,0,10
2022-12-07T10:01:09,2,8,0,10
2022-12-07T10:10:36,2,8,0,10
2022-12-07T10:20:02,2,8,0,10
2022-12-07T10:29:27,2,8,0,10
2022-12-07T10:38:51,2,8,0,10
2022-12-07T10:48:26,2,8,0,10
2022-12-07T10:57:50,2,8,0,10
2022-12-07T11:07:16,2,8,0,10
2022-12-07T11:16:40,2,8,0,10
2022-12-07T11:26:04,2,8,0,10
2022-12-07T11:35:27,2,8,0,10
2022-12-07T11:44:51,2,8,0,10
2022-12-07T11:54:15,2,8,0,10
2022-12-07T12:03:39,2,8,0,10
2022-12-07T12:13:14,2,8,0,10
2022-12-07T12:22:38,2,8,0,10
2022-12-07T12:32:01,2,8,0,10
2022-12-07T12:41:24,2,8,0,10
2022-12-07T12:50:47,2,8,0,10
2022-12-07T13:00:09,2,8,0,10
2022-12-07T13:09:33,2,8,0,10
2022-12-07T13:19:06,2,8,0,10
2022-12-07T13:28:30,2,8,0,10
2022-12-07T13:37:54,2,8,0,10
2022-12-07T13:47:17,2,8,0,10
2022-12-07T13:56:41,2,8,0,10
2022-12-07T14:06:03,2,8,0,10
2022-12-07T14:15:26,2,8,0,10
2022-12-07T14:24:53,2,8,0,10
2022-12-07T14:34:15,2,8,0,10
2022-12-07T14:43:50,2,8,0,10
2022-12-07T14:53:15,2,8,0,10
2022-12-07T15:02:40,2,8,0,10
2022-12-07T15:12:04,2,8,0,10
2022-12-07T15:21:28,2,8,0,10
2022-12-07T15:30:53,2,8,0,10
2022-12-07T15:40:16,2,8,0,10
2022-12-07T15:49:40,2,8,0,10
2022-12-07T15:59:15,2,8,0,10
2022-12-07T16:08:38,2,8,0,10
2022-12-07T16:18:02,2,8,0,10
2022-12-07T16:27:26,2,8,0,10
2022-12-07T16:36:50,2,8,0,10
2022-12-07T16:46:14,2,8,0,10
2022-12-07T16:55:35,2,8,0,10
2022-12-07T17:04:56,2,8,0,10
2022-12-07T17:14:17,2,8,0,10
2022-12-07T17:23:50,2,8,0,10
2022-12-07T17:33:12,2,8,0,10
2022-12-07T17:42:34,2,8,0,10
2022-12-07T17:51:55,2,8,0,10
2022-12-07T18:01:16,2,8,0,10
2022-12-07T18:10:37,2,8,0,10
2022-12-07T18:19:58,2,8,0,10
2022-12-07T18:29:18,2,8,0,10
2022-12-07T18:38:40,2,8,0,10
2022-12-07T18:48:11,2,8,0,10
2022-12-07T18:57:32,2,8,0,10
2022-12-07T19:06:55,2,8,0,10
2022-12-07T19:16:17,2,8,0,10
2022-12-07T19:25:38,2,8,0,10
2022-12-07T19:35:01,2,8,0,10
2022-12-07T19:44:21,2,8,0,10
2022-12-07T19:53:42,2,8,0,10
2022-12-07T20:03:05,2,8,0,10
2022-12-07T20:12:25,2,8,0,10
2022-12-07T20:21:45,2,8,0,10
2022-12-07T20:31:17,2,8,0,10
2022-12-07T20:40:38,2,8,0,10
2022-12-07T20:49:59,2,8,0,10
2022-12-07T20:59:20,2,8,0,10
2022-12-07T21:08:40,2,8,0,10
2022-12-07T21:18:02,2,8,0,10
2022-12-07T21:27:23,2,8,0,10
2022-12-07T21:36:43,2,8,0,10
2022-12-07T21:46:15,2,8,0,10
2022-12-07T21:55:38,2,8,0,10
2022-12-07T22:05:00,2,8,0,10
2022-12-07T22:14:23,2,8,0,10
2022-12-07T22:23:46,2,8,0,10
2022-12-07T22:33:09,2,8,0,10
2022-12-07T22:42:31,2,8,0,10
2022-12-07T22:51:54,2,8,0,10
2022-12-07T23:01:15,2,8,0,10
2022-12-07T23:10:37,2,8,0,10
2022-12-07T23:19:59,2,8,0,10
2022-12-07T23:29:31,2,8,0,10
2022-12-07T23:38:52,2,8,0,10
2022-12-07T23:48:14,2,8,0,10
2022-12-07T23:57:34,2,8,0,10
2022-12-08T00:06:56,2,8,0,10
2022-12-08T00:16:22,2,8,0,10
2022-12-08T00:25:46,2,8,0,10
2022-12-08T00:35:08,2,8,0,10
2022-12-08T00:44:31,2,8,0,10
2022-12-08T00:53:55,2,8,0,10
2022-12-08T01:03:20,2,8,0,10
2022-12-08T01:12:42,2,8,0,10
2022-12-08T01:22:05,2,8,0,10
2022-12-08T01:31:28,2,8,0,10
2022-12-08T01:40:51,2,8,0,10
2022-12-08T01:50:23,2,8,0,10
2022-12-08T01:59:45,2,8,0,10
2022-12-08T02:09:08,2,8,0,10
2022-12-08T02:18:29,2,8,0,10
2022-12-08T02:27:50,2,8,0,10
2022-12-08T02:37:09,2,8,0,10
2022-12-08T02:46:29,2,8,0,10
2022-12-08T02:55:49,2,8,0,10
2022-12-08T03:05:12,2,8,0,10
2022-12-08T03:14:35,2,8,0,10
2022-12-08T03:23:57,2,8,0,10
2022-12-08T03:33:20,2,8,0,10
2022-12-08T03:42:43,2,8,0,10
2022-12-08T03:52:05,2,8,0,10
2022-12-08T04:01:29,2,8,0,10
2022-12-08T04:10:51,2,8,0,10
2022-12-08T04:38:55,2,8,0,10
2022-12-08T04:48:34,2,8,0,10
2022-12-08T04:57:57,2,8,0,10
2022-12-08T05:07:20,2,8,0,10
2022-12-08T05:16:41,2,8,0,10
2022-12-08T05:26:06,2,8,0,10
2022-12-08T05:35:29,2,8,0,10
2022-12-08T05:44:49,2,8,0,10
2022-12-08T05:54:10,2,8,0,10
2022-12-08T06:03:34,2,8,0,10
2022-12-08T06:12:58,2,8,0,10
2022-12-08T06:22:20,2,8,0,10
2022-12-08T06:31:43,2,8,0,10
2022-12-08T06:41:05,2,8,0,10
2022-12-08T06:50:26,2,8,0,10
2022-12-08T06:59:49,2,8,0,10
2022-12-08T07:09:13,2,8,0,10
2022-12-08T07:18:34,2,8,0,10
2022-12-08T07:27:57,2,8,0,10
2022-12-08T07:37:20,2,8,0,10
2022-12-08T07:46:46,2,8,0,10
2022-12-08T07:56:09,2,8,0,10
2022-12-08T08:05:33,2,8,0,10
2022-12-08T08:15:04,2,8,0,10
2022-12-08T08:24:29,2,8,0,10
2022-12-08T08:33:55,2,8,0,10
2022-12-08T08:43:19,2,8,0,10
2022-12-08T08:52:42,2,8,0,10
2022-12-08T09:02:06,2,8,0,10
2022-12-08T09:11:32,2,8,0,10
2022-12-08T09:20:57,2,8,0,10
2022-12-08T09:30:25,2,8,0,10
2022-12-08T09:39:51,2,8,0,10
2022-12-08T09:49:18,2,8,0,10
2022-12-08T09:58:43,2,8,0,10
2022-12-08T10:08:09,2,8,0,10
2022-12-08T10:17:35,2,8,0,10
2022-12-08T10:27:16,2,8,0,10
2022-12-08T10:36:43,2,8,0,10
2022-12-08T10:46:08,2,8,0,10
2022-12-08T10:55:34,2,8,0,10
2022-12-08T11:05:03,2,8,0,10
2022-12-08T11:14:33,2,8,0,10
2022-12-08T11:24:04,2,8,0,10
2022-12-08T11:33:33,2,8,0,10
2022-12-08T11:43:02,2,8,0,10
2022-12-08T11:52:38,2,8,0,10
2022-12-08T12:02:17,2,8,0,10
2022-12-08T12:11:48,2,8,0,10
2022-12-08T12:21:12,2,8,0,10
2022-12-08T12:30:39,2,8,0,10
2022-12-08T12:40:10,2,8,0,10
2022-12-08T12:49:46,2,8,0,10
2022-12-08T12:59:13,2,8,0,10
2022-12-08T13:08:37,2,8,0,10
2022-12-08T13:18:01,2,8,0,10
2022-12-08T13:27:31,2,8,0,10
2022-12-08T13:37:13,2,8,0,10
2022-12-08T13:46:44,2,8,0,10
2022-12-08T13:56:16,2,8,0,10
2022-12-08T14:05:43,2,8,0,10
2022-12-08T14:15:13,2,8,0,10
2022-12-08T14:24:38,2,8,0,10
2022-12-08T14:34:05,2,8,0,10
2022-12-08T14:43:37,2,8,0,10
2022-12-08T14:53:03,2,8,0,10
2022-12-08T15:02:43,2,8,0,10
2022-12-08T15:12:07,2,8,0,10
2022-12-08T15:21:32,2,8,0,10
2022-12-08T15:31:03,2,8,0,10
2022-12-08T15:40:30,2,8,0,10
2022-12-08T15:50:00,2,8,0,10
2022-12-08T15:59:24,2,8,0,10
2022-12-08T16:09:02,2,8,0,10
2022-12-08T16:18:27,2,8,0,10
2022-12-08T16:27:53,2,8,0,10
2022-12-08T16:37:17,2,8,0,10
2022-12-08T16:46:42,2,8,0,10
2022-12-08T16:56:06,2,8,0,10
2022-12-08T17:05:31,2,8,0,10
2022-12-08T17:14:57,2,8,0,10
2022-12-08T17:24:21,2,8,0,10
2022-12-08T17:33:45,2,8,0,10
2022-12-08T17:43:18,2,8,0,10
2022-12-08T17:52:40,2,8,0,10
2022-12-08T18:02:01,2,8,0,10
2022-12-08T18:11:23,2,8,0,10
2022-12-08T18:20:50,2,8,0,10
2022-12-08T18:30:27,2,8,0,10
2022-12-08T18:40:00,2,8,0,10
2022-12-08T18:49:25,2,8,0,10
2022-12-08T18:58:47,2,8,0,10
2022-12-08T19:08:11,2,8,0,10
2022-12-08T19:17:36,2,8,0,10
2022-12-08T19:26:59,2,8,0,10
2022-12-08T19:36:20,2,8,0,10
2022-12-08T19:45:42,2,8,0,10
2022-12-08T19:55:04,2,8,0,10
2022-12-08T20:04:26,2,8,0,10
2022-12-08T20:14:00,2,8,0,10
2022-12-08T20:23:23,2,8,0,10
2022-12-08T20:32:48,2,8,0,10
2022-12-08T20:42:10,2,8,0,10
2022-12-08T20:51:32,2,8,0,10
2022-12-08T21:00:54,2,8,0,10
2022-12-08T21:10:17,2,8,0,10
2022-12-08T21:19:39,2,8,0,10
2022-12-08T21:29:00,2,8,0,10
2022-12-08T21:38:22,2,8,0,10
2022-12-08T21:47:43,2,8,0,10
2022-12-08T21:57:03,2,8,0,10
2022-12-08T22:06:26,2,8,0,10
2022-12-08T22:15:50,2,8,0,10
2022-12-08T22:25:21,2,8,0,10
2022-12-08T22:34:43,2,8,0,10
2022-12-08T22:44:05,2,8,0,10
2022-12-08T22:53:26,2,8,0,10
2022-12-08T23:02:47,2,8,0,10
2022-12-08T23:12:09,2,8,0,10
2022-12-08T23:21:31,2,8,0,10
2022-12-08T23:30:54,2,8,0,10
2022-12-08T23:40:15,2,8,0,10
2022-12-08T23:49:36,2,8,0,10
2022-12-08T23:58:57,2,8,0,10
2022-12-09T00:08:20,2,8,0,10
2022-12-09T00:18:01,2,8,0,10
2022-12-09T00:27:26,2,8,0,10
2022-12-09T00:36:49,2,8,0,10
2022-12-09T00:46:10,2,8,0,10
2022-12-09T00:55:35,2,8,0,10
2022-12-09T01:04:58,2,8,0,10
2022-12-09T01:14:22,2,8,0,10
2022-12-09T01:23:47,2,8,0,10
2022-12-09T01:33:13,2,8,0,10
2022-12-09T01:42:39,2,8,0,10
2022-12-09T01:52:03,2,8,0,10
2022-12-09T02:01:26,2,8,0,10
2022-12-09T02:10:49,2,8,0,10
2022-12-09T02:20:14,2,8,0,10
2022-12-09T02:29:39,2,8,0,10
2022-12-09T02:39:06,2,8,0,10
2022-12-09T02:48:32,2,8,0,10
2022-12-09T02:58:06,2,8,0,10
2022-12-09T03:07:29,2,8,0,10
2022-12-09T03:16:52,2,8,0,10
2022-12-09T03:26:15,2,8,0,10
2022-12-09T03:35:37,2,8,0,10
2022-12-09T03:45:01,2,8,0,10
2022-12-09T03:54:25,2,8,0,10
2022-12-09T04:03:50,2,8,0,10
2022-12-09T04:13:14,2,8,0,10
2022-12-09T04:31:57,2,8,0,10
2022-12-09T04:41:23,2,8,0,10
2022-12-09T04:50:48,2,8,0,10
2022-12-09T05:00:14,2,8,0,10
2022-12-09T05:09:38,2,8,0,10
2022-12-09T05:19:00,2,8,0,10
2022-12-09T05:28:22,2,8,0,10
2022-12-09T05:37:43,2,8,0,10
2022-12-09T05:47:05,2,8,0,10
2022-12-09T05:56:29,2,8,0,10
2022-12-09T06:05:56,2,8,0,10
2022-12-09T06:15:22,2,8,0,10
2022-12-09T06:24:46,2,8,0,10
2022-12-09T06:34:09,2,8,0,10
2022-12-09T06:43:32,2,8,0,10
2022-12-09T06:52:55,2,8,0,10
2022-12-09T07:02:18,2,8,0,10
2022-12-09T07:11:42,2,8,0,10
2022-12-09T07:21:10,2,8,0,10
2022-12-09T07:30:33,2,8,0,10
2022-12-09T07:39:57,2,8,0,10
2022-12-09T07:49:24,2,8,0,10
2022-12-09T07:58:49,2,8,0,10
2022-12-09T08:08:14,2,8,0,10
2022-12-09T08:17:38,2,8,0,10
2022-12-09T08:27:04,2,8,0,10
2022-12-09T08:36:30,2,8,0,10
2022-12-09T08:46:05,2,8,0,10
2022-12-09T08:55:28,2,8,0,10
2022-12-09T09:04:54,2,8,0,10
2022-12-09T09:14:19,2,8,0,10
2022-12-09T09:23:43,2,8,0,10
2022-12-09T09:33:08,2,8,0,10
2022-12-09T09:42:34,2,8,0,10
2022-12-09T09:52:06,2,8,0,10
2022-12-09T10:01:31,2,8,0,10
2022-12-09T10:10:56,2,8,0,10
2022-12-09T10:20:25,2,8,0,10
2022-12-09T10:29:49,2,8,0,10
2022-12-09T10:39:14,2,8,0,10
2022-12-09T10:48:57,2,8,0,10
2022-12-09T10:58:22,2,8,0,10
2022-12-09T11:07:44,2,8,0,10
2022-12-09T11:17:06,2,8,0,10
2022-12-09T11:26:30,2,8,0,10
2022-12-09T11:35:57,2,8,0,10
2022-12-09T11:45:21,2,8,0,10
2022-12-09T11:54:44,2,8,0,10
2022-12-09T12:04:09,2,8,0,10
2022-12-09T12:13:31,2,8,0,10
2022-12-09T12:22:54,2,8,0,10
2022-12-09T12:32:17,2,8,0,10
2022-12-09T12:41:50,2,8,0,10
2022-12-09T12:51:12,2,8,0,10
2022-12-09T13:00:34,2,8,0,10
2022-12-09T13:09:57,2,8,0,10
2022-12-09T13:19:26,2,8,0,10
2022-12-09T13:28:49,2,8,0,10
2022-12-09T13:38:15,2,8,0,10
2022-12-09T13:47:41,2,8,0,10
2022-12-09T13:57:10,2,8,0,10
2022-12-09T14:06:43,2,8,0,10
2022-12-09T14:16:09,2,8,0,10
2022-12-09T14:25:33,2,8,0,10
2022-12-09T14:35:00,2,8,0,10
2022-12-09T14:44:26,2,8,0,10
2022-12-09T14:53:57,2,8,0,10
2022-12-09T15:03:20,2,8,0,10
2022-12-09T15:12:40,2,8,0,10
2022-12-09T15:22:30,2,8,0,10
2022-12-09T15:31:54,2,8,0,10
2022-12-09T15:41:22,2,8,0,10
2022-12-09T15:50:44,2,8,0,10
2022-12-09T16:00:05,2,8,0,10
2022-12-09T16:09:27,2,8,0,10
2022-12-09T16:18:50,2,8,0,10
2022-12-09T16:28:11,2,8,0,10
2022-12-09T16:37:33,2,8,0,10
2022-12-09T16:47:02,2,8,0,10
2022-12-09T16:56:23,2,8,0,10
2022-12-09T17:05:45,2,8,0,10
2022-12-09T17:15:10,2,8,0,10
2022-12-09T17:24:31,2,8,0,10
2022-12-09T17:33:51,2,8,0,10
2022-12-09T17:43:11,2,8,0,10
2022-12-09T17:52:31,2,8,0,10
2022-12-09T18:01:51,2,8,0,10
2022-12-09T18:11:11,2,8,0,10
2022-12-09T18:20:32,2,8,0,10
2022-12-09T18:30:03,2,8,0,10
2022-12-09T18:39:23,2,8,0,10
2022-12-09T18:48:43,2,8,0,10
2022-12-09T18:58:04,2,8,0,10
2022-12-09T19:07:27,2,8,0,10
2022-12-09T19:16:47,2,8,0,10
2022-12-09T19:26:08,2,8,0,10
2022-12-09T19:35:29,2,8,0,10
2022-12-09T19:44:49,2,8,0,10
2022-12-09T19:54:08,2,8,0,10
2022-12-09T20:03:28,2,8,0,10
2022-12-09T20:12:48,2,8,0,10
2022-12-09T20:22:07,2,8,0,10
2022-12-09T20:31:28,2,8,0,10
2022-12-09T20:40:57,2,8,0,10
2022-12-09T20:50:16,2,8,0,10
2022-12-09T20:59:36,2,8,0,10
2022-12-09T21:08:56,2,8,0,10
2022-12-09T21:18:16,2,8,0,10
2022-12-09T21:27:36,2,8,0,10
2022-12-09T21:36:55,2,8,0,10
2022-12-09T21:46:14,2,8,0,10
2022-12-09T21:55:33,2,8,0,10
2022-12-09T22:04:52,2,8,0,10
2022-12-09T22:14:12,2,8,0,10
2022-12-09T22:23:33,2,8,0,10
2022-12-09T22:32:53,2,8,0,10
2022-12-09T22:42:13,2,8,0,10
2022-12-09T22:51:32,2,8,0,10
2022-12-09T23:00:51,2,8,0,10
2022-12-09T23:10:13,2,8,0,10
2022-12-09T23:19:44,2,8,0,10
2022-12-09T23:29:04,2,8,0,10
2022-12-09T23:38:27,2,8,0,10
2022-12-09T23:47:49,2,8,0,10
2022-12-09T23:57:09,2,8,0,10
2022-12-10T00:06:30,2,8,0,10
2022-12-10T00:15:53,2,8,0,10
2022-12-10T00:25:16,2,8,0,10
2022-12-10T00:34:38,2,8,0,10
2022-12-10T00:44:01,2,8,0,10
2022-12-10T00:53:26,2,8,0,10
2022-12-10T01:02:51,2,8,0,10
2022-12-10T01:12:15,2,8,0,10
2022-12-10T01:21:39,2,8,0,10
2022-12-10T01:31:02,2,8,0,10
2022-12-10T01:40:24,2,8,0,10
2022-12-10T01:49:46,2,8,0,10
2022-12-10T01:59:07,2,8,0,10
2022-12-10T02:08:39,2,8,0,10
2022-12-10T02:17:58,2,8,0,10
2022-12-10T02:27:18,2,8,0,10
2022-12-10T02:36:38,2,8,0,10
2022-12-10T02:45:57,2,8,0,10
2022-12-10T02:55:17,2,8,0,10
2022-12-10T03:04:35,2,8,0,10
2022-12-10T03:13:54,2,8,0,10
2022-12-10T03:23:14,2,8,0,10
2022-12-10T03:32:32,2,8,0,10
2022-12-10T03:41:52,2,8,0,10
2022-12-10T03:51:14,2,8,0,10
2022-12-10T04:00:36,2,8,0,10
2022-12-10T04:25:53,2,8,0,10
2022-12-10T04:35:16,2,8,0,10
2022-12-10T04:44:39,2,8,0,10
2022-12-10T04:53:59,2,8,0,10
2022-12-10T05:03:18,2,8,0,10
2022-12-10T05:12:36,2,8,0,10
2022-12-10T05:21:55,2,8,0,10
2022-12-10T05:32:01,2,8,0,10
2022-12-10T05:41:23,2,8,0,10
2022-12-10T05:50:47,2,8,0,10
2022-12-10T06:00:10,2,8,0,10
2022-12-10T06:09:34,2,8,0,10
2022-12-10T06:18:57,2,8,0,10
2022-12-10T06:28:20,2,8,0,10
2022-12-10T06:37:43,2,8,0,10
2022-12-10T06:47:06,2,8,0,10
2022-12-10T06:56:29,2,8,0,10
2022-12-10T07:05:53,2,8,0,10
2022-12-10T07:15:17,2,8,0,10
2022-12-10T07:24:41,2,8,0,10
2022-12-10T07:34:07,2,8,0,10
2022-12-10T07:43:36,2,8,0,10
2022-12-10T07:53:02,2,8,0,10
2022-12-10T08:02:27,2,8,0,10
2022-12-10T08:11:51,2,8,0,10
2022-12-10T08:21:26,2,8,0,10
2022-12-10T08:30:50,2,8,0,10
2022-12-10T08:40:14,2,8,0,10
2022-12-10T08:49:37,2,8,0,10
2022-12-10T08:59:00,2,8,0,10
2022-12-10T09:08:24,2,8,0,10
2022-12-10T09:17:46,2,8,0,10
2022-12-10T09:27:10,2,8,0,10
2022-12-10T09:36:33,2,8,0,10
2022-12-10T09:45:56,2,8,0,10
2022-12-10T09:55:18,2,8,0,10
2022-12-10T10:04:40,2,8,0,10
2022-12-10T10:14:04,2,8,0,10
2022-12-10T10:23:30,2,8,0,10
2022-12-10T10:32:55,2,8,0,10
2022-12-10T10:42:19,2,8,0,10
2022-12-10T10:51:42,2,8,0,10
2022-12-10T11:01:09,2,8,0,10
2022-12-10T11:10:36,2,8,0,10
2022-12-10T11:20:14,2,8,0,10
2022-12-10T11:29:39,2,8,0,10
2022-12-10T11:39:07,2,8,0,10
2022-12-10T11:48:30,2,8,0,10
2022-12-10T11:57:52,2,8,0,10
2022-12-10T12:07:17,2,8,0,10
2022-12-10T12:16:40,2,8,0,10
2022-12-10T12:26:08,2,8,0,10
2022-12-10T12:35:33,2,8,0,10
2022-12-10T12:44:55,2,8,0,10
2022-12-10T12:54:19,2,8,0,10
2022-12-10T13:03:45,2,8,0,10
2022-12-10T13:13:13,2,8,0,10
2022-12-10T13:22:39,2,8,0,10
2022-12-10T13:32:14,2,8,0,10
2022-12-10T13:41:39,2,8,0,10
2022-12-10T13:51:03,2,8,0,10
2022-12-10T14:00:28,2,8,0,10
2022-12-10T14:09:53,2,8,0,10
2022-12-10T14:19:20,2,8,0,10
2022-12-10T14:28:45,2,8,0,10
2022-12-10T14:38:07,2,8,0,10
2022-12-10T14:47:29,2,8,0,10
2022-12-10T14:56:51,2,8,0,10
2022-12-10T15:06:13,2,8,0,10
2022-12-10T15:15:36,2,8,0,10
2022-12-10T15:24:58,2,8,0,10
2022-12-10T15:34:20,2,8,0,10
2022-12-10T15:43:41,2,8,0,10
2022-12-10T15:53:03,2,8,0,10
2022-12-10T16:02:36,2,8,0,10
2022-12-10T16:11:58,2,8,0,10
2022-12-10T16:21:21,2,8,0,10
2022-12-10T16:30:42,2,8,0,10
2022-12-10T16:40:03,2,8,0,10
2022-12-10T16:49:24,2,8,0,10
2022-12-10T16:58:45,2,8,0,10
2022-12-10T17:08:07,2,8,0,10
2022-12-10T17:17:33,2,8,0,10
2022-12-10T17:26:56,2,8,0,10
2022-12-10T17:36:22,2,8,0,10
2022-12-10T17:45:45,2,8,0,10
2022-12-10T17:55:10,2,8,0,10
2022-12-10T18:04:31,2,8,0,10
2022-12-10T18:14:03,2,8,0,10
2022-12-10T18:23:23,2,8,0,10
2022-12-10T18:32:44,2,8,0,10
2022-12-10T18:42:05,2,8,0,10
2022-12-10T18:51:26,2,8,0,10
2022-12-10T19:00:48,2,8,0,10
2022-12-10T19:10:09,2,8,0,10
2022-12-10T19:19:32,2,8,0,10
2022-12-10T19:28:55,2,8,0,10
2022-12-10T19:38:16,2,8,0,10
2022-12-10T19:47:36,2,8,0,10
2022-12-10T19:56:57,2,8,0,10
2022-12-10T20:06:20,2,8,0,10
2022-12-10T20:15:41,2,8,0,10
2022-12-10T20:25:03,2,8,0,10
2022-12-10T20:34:34,2,8,0,10
2022-12-10T20:43:55,2,8,0,10
2022-12-10T20:53:16,2,8,0,10
2022-12-10T21:02:38,2,8,0,10
2022-12-10T21:12:00,2,8,0,10
2022-12-10T21:21:23,2,8,0,10
2022-12-10T21:30:45,2,8,0,10
2022-12-10T21:40:06,2,8,0,10
2022-12-10T21:49:28,2,8,0,10
2022-12-10T21:58:49,2,8,0,10
2022-12-10T22:08:10,2,8,0,10
2022-12-10T22:17:34,2,8,0,10
2022-12-10T22:26:55,2,8,0,10
2022-12-10T22:36:18,2,8,0,10
2022-12-10T22:45:40,2,8,0,10
2022-12-10T22:55:01,2,8,0,10
2022-12-10T23:04:37,2,8,0,10
2022-12-10T23:14:02,2,8,0,10
2022-12-10T23:23:22,2,8,0,10
2022-12-10T23:32:43,2,8,0,10
2022-12-10T23:42:04,2,8,0,10
2022-12-10T23:51:23,2,8,0,10
2022-12-11T00:00:43,2,8,0,10
2022-12-11T00:10:04,2,8,0,10
2022-12-11T00:19:30,2,8,0,10
2022-12-11T00:28:52,2,8,0,10
2022-12-11T00:38:13,2,8,0,10
2022-12-11T00:47:34,2,8,0,10
2022-12-11T00:56:54,2,8,0,10
2022-12-11T01:06:14,2,8,0,10
2022-12-11T01:15:34,2,8,0,10
2022-12-11T01:24:55,2,8,0,10
2022-12-11T01:34:15,2,8,0,10
2022-12-11T01:43:37,2,8,0,10
2022-12-11T01:52:57,2,8,0,10
2022-12-11T02:02:26,2,8,0,10
2022-12-11T02:11:46,2,8,0,10
2022-12-11T02:21:06,2,8,0,10
2022-12-11T02:30:28,2,8,0,10
2022-12-11T02:39:53,2,8,0,10
2022-12-11T02:49:24,2,8,0,10
2022-12-11T02:58:51,2,8,0,10
2022-12-11T03:08:13,2,8,0,10
2022-12-11T03:17:35,2,8,0,10
2022-12-11T03:27:01,2,8,0,10
2022-12-11T03:36:27,2,8,0,10
2022-12-11T03:45:54,2,8,0,10
2022-12-11T03:55:17,2,8,0,10
2022-12-11T04:04:44,2,8,0,10
2022-12-11T04:21:55,2,8,0,10
2022-12-11T04:32:55,2,8,0,10
2022-12-11T04:42:23,2,8,0,10
2022-12-11T04:51:47,2,8,0,10
2022-12-11T05:01:10,2,8,0,10
2022-12-11T05:10:33,2,8,0,10
2022-12-11T05:19:55,2,8,0,10
2022-12-11T05:29:19,2,8,0,10
2022-12-11T05:38:41,2,8,0,10
2022-12-11T05:48:03,2,8,0,10
2022-12-11T05:57:26,2,8,0,10
2022-12-11T06:06:50,2,8,0,10
2022-12-11T06:16:15,2,8,0,10
2022-12-11T06:25:37,2,8,0,10
2022-12-11T06:34:58,2,8,0,10
2022-12-11T06:44:24,2,8,0,10
2022-12-11T06:53:46,2,8,0,10
2022-12-11T07:03:07,2,8,0,10
2022-12-11T07:12:31,2,8,0,10
2022-12-11T07:21:54,2,8,0,10
2022-12-11T07:31:21,2,8,0,10
2022-12-11T07:40:46,2,8,0,10
2022-12-11T07:50:14,2,8,0,10
2022-12-11T07:59:47,2,8,0,10
2022-12-11T08:09:10,2,8,0,10
2022-12-11T08:18:43,2,8,0,10
2022-12-11T08:28:07,2,8,0,10
2022-12-11T08:37:32,2,8,0,10
2022-12-11T08:46:54,2,8,0,10
2022-12-11T08:56:18,2,8,0,10
2022-12-11T09:05:41,2,8,0,10
2022-12-11T09:15:03,2,8,0,10
2022-12-11T09:24:25,2,8,0,10
2022-12-11T09:33:47,2,8,0,10
2022-12-11T09:43:08,2,8,0,10
2022-12-11T09:52:31,2,8,0,10
2022-12-11T10:01:57,2,8,0,10
2022-12-11T10:11:19,2,8,0,10
2022-12-11T10:20:42,2,8,0,10
2022-12-11T10:30:09,2,8,0,10
2022-12-11T10:39:34,2,8,0,10
2022-12-11T10:48:56,2,8,0,10
2022-12-11T10:58:19,2,8,0,10
2022-12-11T11:07:46,2,8,0,10
2022-12-11T11:17:09,2,8,0,10
2022-12-11T11:26:33,2,8,0,10
2022-12-11T11:36:08,2,8,0,10
2022-12-11T11:45:31,2,8,0,10
2022-12-11T11:54:53,2,8,0,10
2022-12-11T12:04:22,2,8,0,10
2022-12-11T12:13:49,2,8,0,10
2022-12-11T12:23:17,2,8,0,10
2022-12-11T12:32:42,2,8,0,10
2022-12-11T12:42:04,2,8,0,10
2022-12-11T12:51:27,2,8,0,10
2022-12-11T13:00:49,2,8,0,10
2022-12-11T13:10:11,2,8,0,10
2022-12-11T13:19:34,2,8,0,10
2022-12-11T13:28:56,2,8,0,10
2022-12-11T13:38:18,2,8,0,10
2022-12-11T13:47:51,2,8,0,10
2022-12-11T13:57:13,2,8,0,10
2022-12-11T14:06:35,2,8,0,10
2022-12-11T14:15:56,2,8,0,10
2022-12-11T14:25:18,2,8,0,10
2022-12-11T14:34:39,2,8,0,10
2022-12-11T14:44:00,2,8,0,10
2022-12-11T15:02:53,2,8,0,10
2022-12-11T15:30:52,2,8,0,10
2022-12-11T15:40:40,2,8,0,10
2022-12-11T15:50:04,2,8,0,10
2022-12-11T15:59:26,2,8,0,10
2022-12-11T16:08:49,2,8,0,10
2022-12-11T16:18:12,2,8,0,10
2022-12-11T16:27:33,2,8,0,10
2022-12-11T16:36:56,2,8,0,10
2022-12-11T16:46:19,2,8,0,10
2022-12-11T16:55:45,2,8,0,10
2022-12-11T17:05:09,2,8,0,10
2022-12-11T17:14:32,2,8,0,10
2022-12-11T17:23:55,2,8,0,10
2022-12-11T17:33:26,2,8,0,10
2022-12-11T17:42:47,2,8,0,10
2022-12-11T17:52:07,2,8,0,10
2022-12-11T18:01:29,2,8,0,10
2022-12-11T18:10:50,2,8,0,10
2022-12-11T18:20:12,2,8,0,10
2022-12-11T18:29:33,2,8,0,10
2022-12-11T18:38:55,2,8,0,10
2022-12-11T18:48:16,2,8,0,10
2022-12-11T18:57:38,2,8,0,10
2022-12-11T19:07:01,2,8,0,10
2022-12-11T19:16:23,2,8,0,10
2022-12-11T19:25:56,2,8,0,10
2022-12-11T19:35:17,2,8,0,10
2022-12-11T19:44:38,2,8,0,10
2022-12-11T19:54:00,2,8,0,10
2022-12-11T20:03:21,2,8,0,10
2022-12-11T20:12:42,2,8,0,10
2022-12-11T20:22:03,2,8,0,10
2022-12-11T20:31:24,2,8,0,10
2022-12-11T20:40:45,2,8,0,10
2022-12-11T20:50:06,2,8,0,10
2022-12-11T20:59:36,2,8,0,10
2022-12-11T21:08:58,2,8,0,10
2022-12-11T21:18:18,2,8,0,10
2022-12-11T21:27:40,2,8,0,10
2022-12-11T21:37:02,2,8,0,10
2022-12-11T21:46:22,2,8,0,10
2022-12-11T21:55:43,2,8,0,10
2022-12-11T22:05:05,2,8,0,10
2022-12-11T22:14:27,2,8,0,10
2022-12-11T22:23:49,2,8,0,10
2022-12-11T22:33:12,2,8,0,10
2022-12-11T22:42:33,2,8,0,10
2022-12-11T22:51:54,2,8,0,10
2022-12-11T23:01:25,2,8,0,10
2022-12-11T23:10:49,2,8,0,10
2022-12-11T23:20:09,2,8,0,10
2022-12-11T23:29:29,2,8,0,10
2022-12-11T23:38:49,2,8,0,10
2022-12-11T23:48:09,2,8,0,10
2022-12-11T23:57:32,2,8,0,10
2022-12-12T00:06:54,2,8,0,10
2022-12-12T00:16:22,2,8,0,10
2022-12-12T00:25:49,2,8,0,10
2022-12-12T00:35:11,2,8,0,10
2022-12-12T00:44:32,2,8,0,10
2022-12-12T00:53:53,2,8,0,10
2022-12-12T01:03:23,2,8,0,10
2022-12-12T01:12:44,2,8,0,10
2022-12-12T01:22:11,2,8,0,10
2022-12-12T01:31:38,2,8,0,10
2022-12-12T01:41:02,2,8,0,10
2022-12-12T01:50:25,2,8,0,10
2022-12-12T01:59:48,2,8,0,10
2022-12-12T02:09:10,2,8,0,10
2022-12-12T02:18:33,2,8,0,10
2022-12-12T02:27:55,2,8,0,10
2022-12-12T02:37:20,2,8,0,10
2022-12-12T02:46:40,2,8,0,10
2022-12-12T02:56:01,2,8,0,10
2022-12-12T03:05:22,2,8,0,10
2022-12-12T03:14:43,2,8,0,10
2022-12-12T03:24:05,2,8,0,10
2022-12-12T03:33:26,2,8,0,10
2022-12-12T03:42:48,2,8,0,10
2022-12-12T03:52:13,2,8,0,10
2022-12-12T04:01:35,2,8,0,10
2022-12-12T04:22:49,2,8,0,10
2022-12-12T04:32:17,2,8,0,10
2022-12-12T04:41:40,2,8,0,10
2022-12-12T04:51:03,2,8,0,10
2022-12-12T05:00:24,2,8,0,10
2022-12-12T05:09:48,2,8,0,10
2022-12-12T05:19:09,2,8,0,10
2022-12-12T05:28:30,2,8,0,10
2022-12-12T05:37:51,2,8,0,10
2022-12-12T05:47:12,2,8,0,10
2022-12-12T05:56:34,2,8,0,10
2022-12-12T06:05:59,2,8,0,10
2022-12-12T06:15:23,2,8,0,10
2022-12-12T06:24:46,2,8,0,10
2022-12-12T06:34:07,2,8,0,10
2022-12-12T06:43:30,2,8,0,10
2022-12-12T06:52:52,2,8,0,10
2022-12-12T07:02:13,2,8,0,10
2022-12-12T07:11:37,2,8,0,10
2022-12-12T07:20:59,2,8,0,10
2022-12-12T07:30:25,2,8,0,10
2022-12-12T07:39:49,2,8,0,10
2022-12-12T07:49:13,2,8,0,10
2022-12-12T07:58:36,2,8,0,10
2022-12-12T08:08:00,2,8,0,10
2022-12-12T08:17:23,2,8,0,10
2022-12-12T08:26:49,2,8,0,10
2022-12-12T08:36:13,2,8,0,10
2022-12-12T08:45:36,2,8,0,10
2022-12-12T08:55:00,2,8,0,10
2022-12-12T09:04:24,2,8,0,10
2022-12-12T09:13:49,2,8,0,10
2022-12-12T09:23:15,2,8,0,10
2022-12-12T09:32:39,2,8,0,10
2022-12-12T09:42:06,2,8,0,10
2022-12-12T09:51:41,2,8,0,10
2022-12-12T10:01:05,2,8,0,10
2022-12-12T10:10:30,2,8,0,10
2022-12-12T10:19:55,2,8,0,10
2022-12-12T10:29:20,2,8,0,10
2022-12-12T10:38:44,2,8,0,10
2022-12-12T10:48:09,2,8,0,10
2022-12-12T10:57:38,2,8,0,10
2022-12-12T11:07:08,2,8,0,10
2022-12-12T11:16:37,2,8,0,10
2022-12-12T11:26:02,2,8,0,10
2022-12-12T11:35:38,2,8,0,10
2022-12-12T11:45:05,2,8,0,10
2022-12-12T11:54:43,2,8,0,10
2022-12-12T12:04:11,2,8,0,10
2022-12-12T12:13:35,2,8,0,10
2022-12-12T12:23:03,2,8,0,10
2022-12-12T12:32:27,2,8,0,10
2022-12-12T12:41:53,2,8,0,10
2022-12-12T12:51:19,2,8,0,10
2022-12-12T13:00:44,2,8,0,10
2022-12-12T13:10:10,2,8,0,10
2022-12-12T13:19:36,2,8,0,10
2022-12-12T13:29:01,2,8,0,10
2022-12-12T13:38:39,2,8,0,10
2022-12-12T13:48:04,2,8,0,10
2022-12-12T13:57:29,2,8,0,10
2022-12-12T14:06:56,2,8,0,10
2022-12-12T14:16:23,2,8,0,10
2022-12-12T14:25:49,2,8,0,10
2022-12-12T14:35:15,2,8,0,10
2022-12-12T15:17:30,2,8,0,10
2022-12-12T15:26:53,2,8,0,10
2022-12-12T15:40:07,2,8,0,10
2022-12-12T15:49:32,2,8,0,10
2022-12-12T15:58:54,2,8,0,10
2022-12-12T16:08:17,2,8,0,10
2022-12-12T16:17:40,2,8,0,10
2022-12-12T16:27:15,2,8,0,10
2022-12-12T16:36:38,2,8,0,10
2022-12-12T16:46:02,2,8,0,10
2022-12-12T16:55:25,2,8,0,10
2022-12-12T17:20:38,2,8,0,10
2022-12-12T17:30:00,2,8,0,10
2022-12-12T17:39:34,2,8,0,10
2022-12-12T17:48:56,2,8,0,10
2022-12-12T17:58:17,2,8,0,10
2022-12-12T18:07:39,2,8,0,10
2022-12-12T18:17:01,2,8,0,10
2022-12-12T18:26:22,2,8,0,10
2022-12-12T18:35:42,2,8,0,10
2022-12-12T18:45:04,2,8,0,10
2022-12-12T18:54:25,2,8,0,10
2022-12-12T19:03:47,2,8,0,10
2022-12-12T19:13:21,2,8,0,10
2022-12-12T19:22:43,2,8,0,10
2022-12-12T19:32:04,2,8,0,10
2022-12-12T19:41:25,2,8,0,10
2022-12-12T19:50:46,2,8,0,10
2022-12-12T20:00:07,2,8,0,10
2022-12-12T20:09:27,2,8,0,10
2022-12-12T20:18:49,2,8,0,10
2022-12-12T20:28:09,2,8,0,10
2022-12-12T20:37:31,2,8,0,10
2022-12-12T20:46:51,2,8,0,10
2022-12-12T20:56:12,2,8,0,10
2022-12-12T21:05:46,2,8,0,10
2022-12-12T21:15:07,2,8,0,10
2022-12-12T21:24:29,2,8,0,10
2022-12-12T21:33:50,2,8,0,10
2022-12-12T21:43:14,2,8,0,10
2022-12-12T21:52:36,2,8,0,10
2022-12-12T22:01:57,2,8,0,10
2022-12-12T22:11:24,2,8,0,10
2022-12-12T22:20:54,2,8,0,10
2022-12-12T22:30:23,2,8,0,10
2022-12-12T22:39:54,2,8,0,10
2022-12-12T22:49:23,2,8,0,10
2022-12-12T22:58:50,2,8,0,10
2022-12-12T23:08:31,2,8,0,10
2022-12-12T23:18:00,2,8,0,10
2022-12-12T23:27:29,2,8,0,10
2022-12-12T23:36:58,2,8,0,10
2022-12-12T23:46:23,2,8,0,10
2022-12-12T23:55:46,2,8,0,10
2022-12-13T00:05:10,2,8,0,10
2022-12-13T00:14:31,2,8,0,10
2022-12-13T00:23:56,2,8,0,10
2022-12-13T00:33:18,2,8,0,10
2022-12-13T00:42:53,2,8,0,10
2022-12-13T00:52:17,2,8,0,10
2022-12-13T01:01:43,2,8,0,10
2022-12-13T01:11:07,2,8,0,10
2022-12-13T01:20:32,2,8,0,10
2022-12-13T01:29:54,2,8,0,10
2022-12-13T01:39:17,2,8,0,10
2022-12-13T01:48:39,2,8,0,10
2022-12-13T01:58:00,2,8,0,10
2022-12-13T02:07:23,2,8,0,10
2022-12-13T02:16:44,2,8,0,10
2022-12-13T02:26:05,2,8,0,10
2022-12-13T02:35:26,2,8,0,10
2022-12-13T02:44:46,2,8,0,10
2022-12-13T02:54:06,2,8,0,10
2022-12-13T03:03:27,2,8,0,10
2022-12-13T03:12:48,2,8,0,10
2022-12-13T03:22:10,2,8,0,10
2022-12-13T03:31:35,2,8,0,10
2022-12-13T03:40:59,2,8,0,10
2022-12-13T03:50:22,2,8,0,10
2022-12-13T03:59:48,2,8,0,10
2022-12-13T04:09:09,2,8,0,10
2022-12-13T11:53:19,2,8,0,10
2022-12-13T12:02:46,2,8,0,10
2022-12-13T12:12:10,2,8,0,10
2022-12-13T12:21:32,2,8,0,10
2022-12-13T12:30:54,2,8,0,10
2022-12-13T12:40:28,2,8,0,10
2022-12-13T12:49:49,2,8,0,10
2022-12-13T12:59:10,2,8,0,10
2022-12-13T13:08:33,2,8,0,10
2022-12-13T13:17:55,2,8,0,10
2022-12-13T13:27:17,2,8,0,10
2022-12-13T13:36:38,2,8,0,10
2022-12-13T13:46:00,2,8,0,10
2022-12-13T13:55:34,2,8,0,10
2022-12-13T14:04:56,2,8,0,10
2022-12-13T14:14:17,2,8,0,10
2022-12-13T14:23:39,2,8,0,10
2022-12-13T14:33:01,2,8,0,10
2022-12-13T14:42:22,2,8,0,10
2022-12-13T14:51:44,2,8,0,10
2022-12-13T15:01:05,2,8,0,10
2022-12-13T15:10:27,2,8,0,10
2022-12-13T15:20:02,2,8,0,10
2022-12-13T15:29:23,2,8,0,10
2022-12-13T15:38:45,2,8,0,10
2022-12-13T15:48:07,2,8,0,10
2022-12-13T15:57:29,2,8,0,10
2022-12-13T16:06:52,2,8,0,10
2022-12-13T16:16:13,2,8,0,10
2022-12-13T16:25:47,2,8,0,10
2022-12-13T16:35:09,2,8,0,10
2022-12-13T16:44:30,2,8,0,10
2022-12-13T16:53:52,2,8,0,10
2022-12-13T17:03:14,2,8,0,10
2022-12-13T17:12:36,2,8,0,10
2022-12-13T17:21:57,2,8,0,10
2022-12-13T17:31:19,2,8,0,10
2022-12-13T17:40:40,2,8,0,10
2022-12-13T17:50:00,2,8,0,10
2022-12-13T17:59:33,2,8,0,10
2022-12-13T18:08:53,2,8,0,10
2022-12-13T18:18:16,2,8,0,10
2022-12-13T18:27:40,2,8,0,10
2022-12-13T18:37:02,2,8,0,10
2022-12-13T18:46:26,2,8,0,10
2022-12-13T18:55:49,2,8,0,10
2022-12-13T19:05:12,2,8,0,10
2022-12-13T19:14:46,2,8,0,10
2022-12-13T19:24:10,2,8,0,10
2022-12-13T19:33:33,2,8,0,10
2022-12-13T19:42:56,2,8,0,10
2022-12-13T19:52:19,2,8,0,10
2022-12-13T20:01:42,2,8,0,10
2022-12-13T20:11:03,2,8,0,10
2022-12-13T20:20:25,2,8,0,10
2022-12-13T20:29:47,2,8,0,10
2022-12-13T20:39:09,2,8,0,10
2022-12-13T20:48:30,2,8,0,10
2022-12-13T20:58:03,2,8,0,10
2022-12-13T21:07:24,2,8,0,10
2022-12-13T21:16:45,2,8,0,10
2022-12-13T21:26:07,2,8,0,10
2022-12-13T21:35:28,2,8,0,10
2022-12-13T21:44:50,2,8,0,10
2022-12-13T21:54:11,2,8,0,10
2022-12-13T22:03:54,2,8,0,10
2022-12-13T22:12:26,2,8,0,10
2022-12-13T22:21:48,2,8,0,10
2022-12-13T22:31:09,2,8,0,10
2022-12-13T22:40:31,2,8,0,10
2022-12-13T22:50:03,2,8,0,10
2022-12-13T22:59:24,2,8,0,10
2022-12-13T23:08:46,2,8,0,10
2022-12-13T23:18:08,2,8,0,10
2022-12-13T23:27:30,2,8,0,10
2022-12-13T23:36:51,2,8,0,10
2022-12-13T23:46:13,2,8,0,10
2022-12-13T23:55:34,2,8,0,10
2022-12-14T00:04:56,2,8,0,10
2022-12-14T00:14:20,2,8,0,10
2022-12-14T00:23:45,2,8,0,10
2022-12-14T00:33:07,2,8,0,10
2022-12-14T00:42:31,2,8,0,10
2022-12-14T00:51:55,2,8,0,10
2022-12-14T01:01:31,2,8,0,10
2022-12-14T01:10:55,2,8,0,10
2022-12-14T01:20:30,2,8,0,10
2022-12-14T01:29:54,2,8,0,10
2022-12-14T01:39:17,2,8,0,10
2022-12-14T01:48:41,2,8,0,10
2022-12-14T01:58:04,2,8,0,10
2022-12-14T02:07:27,2,8,0,10
2022-12-14T02:16:47,2,8,0,10
2022-12-14T02:26:11,2,8,0,10
2022-12-14T02:35:34,2,8,0,10
2022-12-14T02:44:56,2,8,0,10
2022-12-14T02:54:19,2,8,0,10
2022-12-14T03:03:43,2,8,0,10
2022-12-14T03:13:07,2,8,0,10
2022-12-14T03:22:30,2,8,0,10
2022-12-14T03:31:52,2,8,0,10
2022-12-14T03:41:15,2,8,0,10
2022-12-14T03:50:38,2,8,0,10
2022-12-14T04:00:00,2,8,0,10
2022-12-14T04:11:41,2,8,0,10
2022-12-13T04:31:20,2,8,0,10
2022-12-13T04:40:42,2,8,0,10
2022-12-13T04:50:02,2,8,0,10
2022-12-13T04:59:23,2,8,0,10
2022-12-13T05:08:42,2,8,0,10
2022-12-13T05:18:00,2,8,0,10
2022-12-13T05:27:19,2,8,0,10
2022-12-13T05:36:38,2,8,0,10
2022-12-13T05:47:19,2,8,0,10
2022-12-13T05:57:03,2,8,0,10
2022-12-13T06:06:25,2,8,0,10
2022-12-13T06:15:47,2,8,0,10
2022-12-13T06:25:07,2,8,0,10
2022-12-13T06:34:27,2,8,0,10
2022-12-13T06:43:47,2,8,0,10
2022-12-13T06:53:05,2,8,0,10
2022-12-13T07:02:23,2,8,0,10
2022-12-13T07:11:43,2,8,0,10
2022-12-13T07:21:02,2,8,0,10
2022-12-13T07:30:22,2,8,0,10
2022-12-13T07:39:43,2,8,0,10
2022-12-13T07:49:03,2,8,0,10
2022-12-13T07:58:24,2,8,0,10
2022-12-13T08:07:45,2,8,0,10
2022-12-13T08:17:06,2,8,0,10
2022-12-13T08:26:27,2,8,0,10
2022-12-13T08:35:49,2,8,0,10
2022-12-13T08:45:10,2,8,0,10
2022-12-13T08:54:32,2,8,0,10
2022-12-13T09:03:56,2,8,0,10
2022-12-13T09:13:20,2,8,0,10
2022-12-14T04:29:34,2,8,0,10
2022-12-14T04:39:00,2,8,0,10
2022-12-14T04:48:25,2,8,0,10
2022-12-14T04:57:50,2,8,0,10
2022-12-14T05:07:13,2,8,0,10
2022-12-14T05:16:35,2,8,0,10
2022-12-14T05:25:57,2,8,0,10
2022-12-14T05:35:18,2,8,0,10
2022-12-14T05:44:38,2,8,0,10
2022-12-14T05:54:01,2,8,0,10
2022-12-14T06:03:25,2,8,0,10
2022-12-14T06:12:49,2,8,0,10
2022-12-14T06:22:13,2,8,0,10
2022-12-14T06:31:36,2,8,0,10
2022-12-14T06:40:58,2,8,0,10
2022-12-14T06:50:20,2,8,0,10
2022-12-14T06:59:43,2,8,0,10
2022-12-14T07:09:07,2,8,0,10
2022-12-14T07:18:29,2,8,0,10
2022-12-14T07:27:53,2,8,0,10
2022-12-14T07:37:20,2,8,0,10
2022-12-14T07:46:44,2,8,0,10
2022-12-14T07:56:08,2,8,0,10
2022-12-14T08:05:32,2,8,0,10
2022-12-14T08:14:55,2,8,0,10
2022-12-14T08:24:20,2,8,0,10
2022-12-14T08:33:43,2,8,0,10
2022-12-14T08:43:17,2,8,0,10
2022-12-14T08:52:40,2,8,0,10
2022-12-14T09:02:06,2,8,0,10
2022-12-14T09:11:30,2,8,0,10
2022-12-14T09:20:55,2,8,0,10
2022-12-14T09:30:19,2,8,0,10
2022-12-14T09:39:43,2,8,0,10
2022-12-14T09:49:08,2,8,0,10
2022-12-14T09:58:32,2,8,0,10
2022-12-14T10:08:14,2,8,0,10
2022-12-14T10:17:39,2,8,0,10
2022-12-14T10:27:04,2,8,0,10
2022-12-14T10:36:29,2,8,0,10
2022-12-14T10:46:05,2,8,0,10
2022-12-14T10:55:29,2,8,0,10
2022-12-14T11:04:53,2,8,0,10
2022-12-14T11:14:17,2,8,0,10
2022-12-14T11:23:41,2,8,0,10
2022-12-14T11:33:05,2,8,0,10
2022-12-14T11:42:28,2,8,0,10
2022-12-14T11:52:02,2,8,0,10
2022-12-14T12:01:26,2,8,0,10
2022-12-14T12:10:49,2,8,0,10
2022-12-14T12:20:14,2,8,0,10
2022-12-14T12:29:37,2,8,0,10
2022-12-14T12:39:01,2,8,0,10
2022-12-14T12:48:45,2,8,0,10
2022-12-14T12:58:08,2,8,0,10
2022-12-14T13:07:33,2,8,0,10
2022-12-14T13:16:56,2,8,0,10
2022-12-14T13:26:20,2,8,0,10
2022-12-14T13:35:43,2,8,0,10
2022-12-14T13:45:09,2,8,0,10
2022-12-14T13:54:43,2,8,0,10
2022-12-14T14:04:07,2,8,0,10
2022-12-14T14:13:31,2,8,0,10
2022-12-14T14:22:57,2,8,0,10
2022-12-14T14:32:21,2,8,0,10
2022-12-14T14:41:45,2,8,0,10
2022-12-14T14:51:09,2,8,0,10
2022-12-14T15:00:33,2,8,0,10
2022-12-14T15:10:06,2,8,0,10
2022-12-14T15:19:29,2,8,0,10
2022-12-14T15:28:53,2,8,0,10
2022-12-14T15:38:17,2,8,0,10
2022-12-14T15:47:40,2,8,0,10
2022-12-14T15:57:04,2,8,0,10
2022-12-14T16:06:27,2,8,0,10
2022-12-14T16:15:49,2,8,0,10
2022-12-14T16:25:11,2,8,0,10
2022-12-14T16:34:44,2,8,0,10
2022-12-14T16:44:07,2,8,0,10
2022-12-14T16:53:29,2,8,0,10
2022-12-14T17:02:52,2,8,0,10
2022-12-14T17:12:15,2,8,0,10
2022-12-14T17:21:37,2,8,0,10
2022-12-14T17:31:00,2,8,0,10
2022-12-14T17:40:23,2,8,0,10
2022-12-14T17:50:06,2,8,0,10
2022-12-14T17:59:28,2,8,0,10
2022-12-14T18:08:49,2,8,0,10
2022-12-14T18:18:11,2,8,0,10
2022-12-14T18:27:34,2,8,0,10
2022-12-14T18:36:56,2,8,0,10
2022-12-14T18:46:19,2,8,0,10
2022-12-14T18:55:41,2,8,0,10
2022-12-14T19:05:03,2,8,0,10
2022-12-14T19:14:24,2,8,0,10
2022-12-14T19:23:55,2,8,0,10
2022-12-14T19:33:16,2,8,0,10
2022-12-14T19:42:37,2,8,0,10
2022-12-14T19:51:58,2,8,0,10
2022-12-14T20:01:18,2,8,0,10
2022-12-14T20:10:39,2,8,0,10
2022-12-14T20:19:59,2,8,0,10
2022-12-14T20:29:20,2,8,0,10
2022-12-14T20:38:50,2,8,0,10
2022-12-14T20:48:10,2,8,0,10
2022-12-14T20:57:31,2,8,0,10
2022-12-14T21:06:52,2,8,0,10
2022-12-14T21:16:12,2,8,0,10
2022-12-14T21:25:33,2,8,0,10
2022-12-14T21:34:54,2,8,0,10
2022-12-14T21:44:15,2,8,0,10
2022-12-14T21:53:46,2,8,0,10
2022-12-14T22:03:07,2,8,0,10
2022-12-14T22:12:28,2,8,0,10
2022-12-14T22:21:49,2,8,0,10
2022-12-14T22:31:11,2,8,0,10
2022-12-14T22:40:32,2,8,0,10
2022-12-14T22:49:53,2,8,0,10
2022-12-14T22:59:13,2,8,0,10
2022-12-14T23:08:45,2,8,0,10
2022-12-14T23:18:06,2,8,0,10
2022-12-14T23:27:28,2,8,0,10
2022-12-14T23:36:49,2,8,0,10
2022-12-14T23:46:10,2,8,0,10
2022-12-14T23:55:31,2,8,0,10
2022-12-15T00:04:53,2,8,0,10
2022-12-15T00:14:17,2,8,0,10
2022-12-15T00:23:41,2,8,0,10
2022-12-15T00:33:22,2,8,0,10
2022-12-15T00:42:45,2,8,0,10
2022-12-15T00:52:09,2,8,0,10
2022-12-15T01:01:34,2,8,0,10
2022-12-15T01:10:59,2,8,0,10
2022-12-15T01:20:22,2,8,0,10
2022-12-15T01:29:46,2,8,0,10
2022-12-15T01:39:10,2,8,0,10
2022-12-15T01:48:32,2,8,0,10
2022-12-15T01:57:55,2,8,0,10
2022-12-15T02:07:18,2,8,0,10
2022-12-15T02:16:39,2,8,0,10
2022-12-15T02:26:00,2,8,0,10
2022-12-15T02:35:21,2,8,0,10
2022-12-15T02:44:41,2,8,0,10
2022-12-15T02:54:12,2,8,0,10
2022-12-15T03:03:31,2,8,0,10
2022-12-15T03:12:52,2,8,0,10
2022-12-15T03:22:12,2,8,0,10
2022-12-15T03:31:34,2,8,0,10
2022-12-15T03:40:57,2,8,0,10
2022-12-15T03:50:19,2,8,0,10
2022-12-15T03:59:42,2,8,0,10
2022-12-15T04:11:14,2,8,0,10
2022-12-15T04:31:02,2,8,0,10
2022-12-15T04:40:29,2,8,0,10
2022-12-15T04:49:53,2,8,0,10
2022-12-15T04:59:16,2,8,0,10
2022-12-15T05:08:39,2,8,0,10
2022-12-15T05:18:01,2,8,0,10
2022-12-15T05:27:23,2,8,0,10
2022-12-15T05:36:46,2,8,0,10
2022-12-15T05:46:08,2,8,0,10
2022-12-15T05:55:33,2,8,0,10
2022-12-15T06:04:58,2,8,0,10
2022-12-15T06:14:24,2,8,0,10
2022-12-15T06:23:48,2,8,0,10
2022-12-15T06:33:11,2,8,0,10
2022-12-15T06:42:34,2,8,0,10
2022-12-15T06:51:55,2,8,0,10
2022-12-15T07:01:19,2,8,0,10
2022-12-15T07:10:43,2,8,0,10
2022-12-15T07:20:06,2,8,0,10
2022-12-15T07:29:29,2,8,0,10
2022-12-15T07:38:55,2,8,0,10
2022-12-15T07:48:19,2,8,0,10
2022-12-15T07:57:43,2,8,0,10
2022-12-15T08:07:07,2,8,0,10
2022-12-15T08:16:32,2,8,0,10
2022-12-15T08:26:05,2,8,0,10
2022-12-15T08:35:29,2,8,0,10
2022-12-15T08:44:52,2,8,0,10
2022-12-15T08:54:15,2,8,0,10
2022-12-15T09:03:38,2,8,0,10
2022-12-15T09:13:01,2,8,0,10
2022-12-15T09:22:24,2,8,0,10
2022-12-15T09:31:48,2,8,0,10
2022-12-15T09:41:13,2,8,0,10
2022-12-15T09:50:36,2,8,0,10
2022-12-15T10:00:11,2,8,0,10
2022-12-15T10:09:35,2,8,0,10
2022-12-15T10:18:59,2,8,0,10
2022-12-15T10:28:22,2,8,0,10
2022-12-15T10:37:46,2,8,0,10
2022-12-15T10:47:11,2,8,0,10
2022-12-15T10:56:38,2,8,0,10
2022-12-15T11:06:02,2,8,0,10
2022-12-15T11:15:39,2,8,0,10
2022-12-15T11:25:04,2,8,0,10
2022-12-15T11:34:30,2,8,0,10
2022-12-15T11:43:53,2,8,0,10
2022-12-15T11:53:18,2,8,0,10
2022-12-15T12:02:43,2,8,0,10
2022-12-15T12:12:06,2,8,0,10
2022-12-15T12:21:42,2,8,0,10
2022-12-15T12:31:06,2,8,0,10
2022-12-15T12:40:30,2,8,0,10
2022-12-15T12:49:54,2,8,0,10
2022-12-15T12:59:18,2,8,0,10
2022-12-15T13:08:42,2,8,0,10
2022-12-15T13:18:06,2,8,0,10
2022-12-15T13:27:40,2,8,0,10
2022-12-15T13:37:05,2,8,0,10
2022-12-15T13:46:29,2,8,0,10
2022-12-15T13:55:53,2,8,0,10
2022-12-15T14:05:18,2,8,0,10
2022-12-15T14:14:42,2,8,0,10
2022-12-15T14:24:07,2,8,0,10
2022-12-15T14:33:45,2,8,0,10
2022-12-15T14:43:11,2,8,0,10
2022-12-15T14:52:36,2,8,0,10
2022-12-15T15:02:05,2,8,0,10
2022-12-15T15:11:31,2,8,0,10
2022-12-15T15:21:09,2,8,0,10
2022-12-15T15:30:34,2,8,0,10
2022-12-15T15:39:59,2,8,0,10
2022-12-15T15:49:24,2,8,0,10
2022-12-15T15:58:48,2,8,0,10
2022-12-15T16:08:13,2,8,0,10
2022-12-15T16:17:37,2,8,0,10
2022-12-15T16:27:11,2,8,0,10
2022-12-15T16:36:34,2,8,0,10
2022-12-15T16:45:57,2,8,0,10
2022-12-15T16:55:22,2,8,0,10
2022-12-15T17:04:45,2,8,0,10
2022-12-15T17:14:10,2,8,0,10
2022-12-15T17:23:33,2,8,0,10
2022-12-15T17:33:07,2,8,0,10
2022-12-15T17:42:31,2,8,0,10
2022-12-15T17:51:54,2,8,0,10
2022-12-15T18:01:17,2,8,0,10
2022-12-15T18:10:41,2,8,0,10
2022-12-15T18:20:04,2,8,0,10
2022-12-15T18:29:27,2,8,0,10
2022-12-15T18:38:50,2,8,0,10
2022-12-15T18:48:13,2,8,0,10
2022-12-15T18:57:47,2,8,0,10
2022-12-15T19:07:11,2,8,0,10
2022-12-15T19:16:35,2,8,0,10
2022-12-15T19:25:58,2,8,0,10
2022-12-15T19:35:21,2,8,0,10
2022-12-15T19:44:43,2,8,0,10
2022-12-15T19:54:05,2,8,0,10
2022-12-15T20:03:26,2,8,0,10
2022-12-15T20:12:47,2,8,0,10
2022-12-15T20:22:19,2,8,0,10
2022-12-15T20:31:41,2,8,0,10
2022-12-15T20:41:02,2,8,0,10
2022-12-15T20:50:24,2,8,0,10
2022-12-15T20:59:45,2,8,0,10
2022-12-15T21:09:06,2,8,0,10
2022-12-15T21:18:28,2,8,0,10
2022-12-15T21:28:01,2,8,0,10
2022-12-15T21:37:23,2,8,0,10
2022-12-15T21:46:44,2,8,0,10
2022-12-15T21:56:05,2,8,0,10
2022-12-15T22:05:27,2,8,0,10
2022-12-15T22:14:49,2,8,0,10
2022-12-15T22:24:10,2,8,0,10
2022-12-15T22:33:32,2,8,0,10
2022-12-15T22:42:53,2,8,0,10
2022-12-15T22:52:25,2,8,0,10
2022-12-15T23:01:47,2,8,0,10
2022-12-15T23:11:19,2,8,0,10
2022-12-15T23:20:47,2,8,0,10
2022-12-15T23:30:19,2,8,0,10
2022-12-15T23:39:55,2,8,0,10
2022-12-15T23:49:29,2,8,0,10
2022-12-15T23:59:08,2,8,0,10
2022-12-16T00:08:49,2,8,0,10
2022-12-16T00:18:43,2,8,0,10
2022-12-16T00:28:28,2,8,0,10
2022-12-16T00:38:13,2,8,0,10
2022-12-16T00:47:52,2,8,0,10
2022-12-16T00:57:31,2,8,0,10
2022-12-16T01:07:08,2,8,0,10
2022-12-16T01:16:48,2,8,0,10
2022-12-16T01:26:25,2,8,0,10
2022-12-16T01:36:02,2,8,0,10
2022-12-16T01:45:38,2,8,0,10
2022-12-16T01:55:13,2,8,0,10
2022-12-16T02:04:48,2,8,0,10
2022-12-16T02:14:21,2,8,0,10
2022-12-16T02:23:56,2,8,0,10
2022-12-16T02:33:40,2,8,0,10
2022-12-16T02:43:11,2,8,0,10
2022-12-16T02:52:41,2,8,0,10
2022-12-16T03:02:13,2,8,0,10
2022-12-16T03:11:43,2,8,0,10
2022-12-16T03:21:12,2,8,0,10
2022-12-16T03:30:38,2,8,0,10
2022-12-16T03:40:04,2,8,0,10
2022-12-16T03:49:30,2,8,0,10
2022-12-16T03:58:54,2,8,0,10
2022-12-16T04:08:17,2,8,0,10
2022-12-16T04:28:30,2,8,0,10
2022-12-16T04:38:16,2,8,0,10
2022-12-16T04:47:41,2,8,0,10
2022-12-16T04:57:05,2,8,0,10
2022-12-16T05:06:28,2,8,0,10
2022-12-16T05:15:49,2,8,0,10
2022-12-16T05:25:10,2,8,0,10
2022-12-16T05:34:32,2,8,0,10
2022-12-16T05:43:52,2,8,0,10
2022-12-16T05:53:14,2,8,0,10
2022-12-16T06:02:39,2,8,0,10
2022-12-16T06:12:05,2,8,0,10
2022-12-16T06:21:29,2,8,0,10
2022-12-16T06:30:54,2,8,0,10
2022-12-16T06:40:16,2,8,0,10
2022-12-16T06:49:38,2,8,0,10
2022-12-16T06:59:01,2,8,0,10
2022-12-16T07:08:24,2,8,0,10
2022-12-16T07:17:47,2,8,0,10
2022-12-16T07:27:11,2,8,0,10
2022-12-16T07:36:35,2,8,0,10
2022-12-16T07:46:00,2,8,0,10
2022-12-16T07:55:24,2,8,0,10
2022-12-16T08:04:48,2,8,0,10
2022-12-16T08:14:13,2,8,0,10
2022-12-16T08:23:37,2,8,0,10
2022-12-16T08:33:10,2,8,0,10
2022-12-16T08:42:34,2,8,0,10
2022-12-16T08:51:58,2,8,0,10
2022-12-16T09:01:21,2,8,0,10
2022-12-16T09:10:45,2,8,0,10
2022-12-16T09:20:09,2,8,0,10
2022-12-16T09:29:33,2,8,0,10
2022-12-16T09:38:57,2,8,0,10
2022-12-16T09:48:21,2,8,0,10
2022-12-16T09:57:45,2,8,0,10
2022-12-16T10:07:09,2,8,0,10
2022-12-16T10:16:43,2,8,0,10
2022-12-16T10:26:08,2,8,0,10
2022-12-16T10:35:32,2,8,0,10
2022-12-16T10:44:56,2,8,0,10
2022-12-16T10:54:24,2,8,0,10
2022-12-16T11:03:49,2,8,0,10
2022-12-16T11:13:14,2,8,0,10
2022-12-16T11:22:39,2,8,0,10
2022-12-16T11:32:14,2,8,0,10
2022-12-16T11:41:39,2,8,0,10
2022-12-16T11:51:04,2,8,0,10
2022-12-16T12:00:28,2,8,0,10
2022-12-16T12:09:52,2,8,0,10
2022-12-16T12:19:16,2,8,0,10
2022-12-16T12:28:40,2,8,0,10
2022-12-16T12:38:14,2,8,0,10
2022-12-16T12:47:37,2,8,0,10
2022-12-16T12:57:00,2,8,0,10
2022-12-16T13:06:24,2,8,0,10
2022-12-16T13:15:48,2,8,0,10
2022-12-16T13:25:12,2,8,0,10
2022-12-16T13:34:36,2,8,0,10
2022-12-16T13:44:00,2,8,0,10
2022-12-16T13:53:23,2,8,0,10
2022-12-16T14:03:00,2,8,0,10
2022-12-16T14:12:24,2,8,0,10
2022-12-16T14:21:52,2,8,0,10
2022-12-16T14:31:16,2,8,0,10
2022-12-16T14:40:40,2,8,0,10
2022-12-16T14:50:04,2,8,0,10
2022-12-16T14:59:28,2,8,0,10
2022-12-16T15:08:53,2,8,0,10
2022-12-16T15:18:18,2,8,0,10
2022-12-16T15:27:41,2,8,0,10
2022-12-16T15:37:16,2,8,0,10
2022-12-16T15:46:40,2,8,0,10
2022-12-16T15:56:05,2,8,0,10
2022-12-16T16:05:29,2,8,0,10
2022-12-16T16:14:52,2,8,0,10
2022-12-16T16:24:17,2,8,0,10
2022-12-16T16:33:40,2,8,0,10
2022-12-16T16:43:03,2,8,0,10
2022-12-16T16:52:26,2,8,0,10
2022-12-16T17:01:49,2,8,0,10
2022-12-16T17:11:13,2,8,0,10
2022-12-16T17:20:48,2,8,0,10
2022-12-16T17:30:11,2,8,0,10
2022-12-16T17:39:34,2,8,0,10
2022-12-16T17:48:57,2,8,0,10
2022-12-16T17:58:20,2,8,0,10
2022-12-16T18:07:44,2,8,0,10
2022-12-16T18:17:06,2,8,0,10
2022-12-16T18:26:41,2,8,0,10
2022-12-16T18:36:04,2,8,0,10
2022-12-16T18:45:26,2,8,0,10
2022-12-16T18:54:48,2,8,0,10
2022-12-16T19:04:11,2,8,0,10
2022-12-16T19:13:34,2,8,0,10
2022-12-16T19:22:57,2,8,0,10
2022-12-16T19:32:20,2,8,0,10
2022-12-16T19:41:42,2,8,0,10
2022-12-16T19:51:06,2,8,0,10
2022-12-16T20:00:29,2,8,0,10
2022-12-16T20:10:02,2,8,0,10
2022-12-16T20:19:25,2,8,0,10
2022-12-16T20:28:48,2,8,0,10
2022-12-16T20:38:13,2,8,0,10
2022-12-16T20:47:36,2,8,0,10
2022-12-16T20:56:59,2,8,0,10
2022-12-16T21:06:22,2,8,0,10
2022-12-16T21:15:44,2,8,0,10
2022-12-16T21:25:07,2,8,0,10
2022-12-16T21:34:29,2,8,0,10
2022-12-16T21:43:52,2,8,0,10
2022-12-16T21:53:25,2,8,0,10
2022-12-16T22:02:47,2,8,0,10
2022-12-16T22:12:09,2,8,0,10
2022-12-16T22:21:32,2,8,0,10
2022-12-16T22:30:56,2,8,0,10
2022-12-16T22:40:19,2,8,0,10
2022-12-16T22:49:41,2,8,0,10
2022-12-16T22:59:03,2,8,0,10
2022-12-16T23:08:27,2,8,0,10
2022-12-16T23:17:50,2,8,0,10
2022-12-16T23:27:13,2,8,0,10
2022-12-16T23:36:47,2,8,0,10
2022-12-16T23:46:09,2,8,0,10
2022-12-16T23:55:30,2,8,0,10
2022-12-17T00:04:52,2,8,0,10
2022-12-17T00:14:21,2,8,0,10
2022-12-17T00:23:47,2,8,0,10
2022-12-17T00:33:09,2,8,0,10
2022-12-17T00:42:34,2,8,0,10
2022-12-17T00:51:58,2,8,0,10
2022-12-17T01:01:25,2,8,0,10
2022-12-17T01:10:50,2,8,0,10
2022-12-17T01:20:14,2,8,0,10
2022-12-17T01:29:38,2,8,0,10
2022-12-17T01:39:00,2,8,0,10
2022-12-17T01:48:33,2,8,0,10
2022-12-17T01:57:54,2,8,0,10
2022-12-17T02:07:16,2,8,0,10
2022-12-17T02:16:37,2,8,0,10
2022-12-17T02:25:58,2,8,0,10
2022-12-17T02:35:19,2,8,0,10
2022-12-17T02:44:40,2,8,0,10
2022-12-17T02:54:03,2,8,0,10
2022-12-17T03:03:24,2,8,0,10
2022-12-17T03:12:44,2,8,0,10
2022-12-17T03:22:04,2,8,0,10
2022-12-17T03:31:24,2,8,0,10
2022-12-17T03:40:47,2,8,0,10
2022-12-17T03:50:09,2,8,0,10
2022-12-17T03:59:33,2,8,0,10
2022-12-17T04:22:39,2,8,0,10
2022-12-17T04:33:18,2,8,0,10
2022-12-17T04:42:43,2,8,0,10
2022-12-17T04:52:06,2,8,0,10
2022-12-17T05:01:27,2,8,0,10
2022-12-17T05:10:48,2,8,0,10
2022-12-17T05:20:08,2,8,0,10
2022-12-17T05:29:29,2,8,0,10
2022-12-17T05:38:50,2,8,0,10
2022-12-17T05:48:12,2,8,0,10
2022-12-17T05:57:36,2,8,0,10
2022-12-17T06:07:01,2,8,0,10
2022-12-17T06:16:28,2,8,0,10
2022-12-17T06:25:52,2,8,0,10
2022-12-17T06:35:15,2,8,0,10
2022-12-17T06:44:38,2,8,0,10
2022-12-17T06:54:00,2,8,0,10
2022-12-17T07:03:22,2,8,0,10
2022-12-17T07:12:45,2,8,0,10
2022-12-17T07:22:09,2,8,0,10
2022-12-17T07:31:33,2,8,0,10
2022-12-17T07:41:00,2,8,0,10
2022-12-17T07:50:52,2,8,0,10
2022-12-17T08:00:18,2,8,0,10
2022-12-17T08:09:44,2,8,0,10
2022-12-17T08:19:11,2,8,0,10
2022-12-17T08:28:36,2,8,0,10
2022-12-17T08:38:02,2,8,0,10
2022-12-17T08:47:27,2,8,0,10
2022-12-17T08:57:00,2,8,0,10
2022-12-17T09:06:25,2,8,0,10
2022-12-17T09:15:50,2,8,0,10
2022-12-17T09:25:15,2,8,0,10
2022-12-17T09:34:40,2,8,0,10
2022-12-17T09:44:07,2,8,0,10
2022-12-17T09:53:34,2,8,0,10
2022-12-17T10:02:58,2,8,0,10
2022-12-17T10:12:23,2,8,0,10
2022-12-17T10:21:48,2,8,0,10
2022-12-17T10:31:13,2,8,0,10
2022-12-17T10:40:49,2,8,0,10
2022-12-17T10:50:15,2,8,0,10
2022-12-17T10:59:40,2,8,0,10
2022-12-17T11:09:04,2,8,0,10
2022-12-17T11:18:30,2,8,0,10
2022-12-17T11:27:54,2,8,0,10
2022-12-17T11:37:18,2,8,0,10
2022-12-17T11:46:45,2,8,0,10
2022-12-17T11:56:08,2,8,0,10
2022-12-17T12:05:33,2,8,0,10
2022-12-17T12:14:58,2,8,0,10
2022-12-17T12:24:20,2,8,0,10
2022-12-17T12:33:51,2,8,0,10
2022-12-17T12:43:13,2,8,0,10
2022-12-17T12:52:35,2,8,0,10
2022-12-17T13:01:57,2,8,0,10
2022-12-17T13:11:20,2,8,0,10
2022-12-17T13:20:42,2,8,0,10
2022-12-17T13:30:04,2,8,0,10
2022-12-17T13:39:26,2,8,0,10
2022-12-17T13:48:49,2,8,0,10
2022-12-17T13:58:11,2,8,0,10
2022-12-17T14:07:33,2,8,0,10
2022-12-17T14:16:55,2,8,0,10
2022-12-17T14:26:18,2,8,0,10
2022-12-17T14:35:50,2,8,0,10
2022-12-17T14:45:13,2,8,0,10
2022-12-17T14:54:35,2,8,0,10
2022-12-17T15:03:57,2,8,0,10
2022-12-17T15:13:20,2,8,0,10
2022-12-17T15:22:42,2,8,0,10
2022-12-17T15:32:04,2,8,0,10
2022-12-17T15:41:26,2,8,0,10
2022-12-17T15:50:49,2,8,0,10
2022-12-17T16:00:12,2,8,0,10
2022-12-17T16:09:35,2,8,0,10
2022-12-17T16:18:57,2,8,0,10
2022-12-17T16:28:19,2,8,0,10
2022-12-17T16:37:41,2,8,0,10
2022-12-17T16:47:13,2,8,0,10
2022-12-17T16:56:35,2,8,0,10
2022-12-17T17:05:58,2,8,0,10
2022-12-17T17:15:22,2,8,0,10
2022-12-17T17:24:45,2,8,0,10
2022-12-17T17:34:07,2,8,0,10
2022-12-17T17:43:31,2,8,0,10
2022-12-17T17:52:54,2,8,0,10
2022-12-17T18:02:16,2,8,0,10
2022-12-17T18:11:40,2,8,0,10
2022-12-17T18:21:02,2,8,0,10
2022-12-17T18:30:24,2,8,0,10
2022-12-17T18:39:45,2,8,0,10
2022-12-17T18:49:05,2,8,0,10
2022-12-17T18:58:26,2,8,0,10
2022-12-17T19:07:47,2,8,0,10
2022-12-17T19:17:09,2,8,0,10
2022-12-17T19:26:39,2,8,0,10
2022-12-17T19:36:00,2,8,0,10
2022-12-17T19:45:20,2,8,0,10
2022-12-17T19:54:41,2,8,0,10
2022-12-17T20:04:01,2,8,0,10
2022-12-17T20:13:22,2,8,0,10
2022-12-17T20:22:42,2,8,0,10
2022-12-17T20:32:02,2,8,0,10
2022-12-17T20:41:23,2,8,0,10
2022-12-17T20:50:43,2,8,0,10
2022-12-17T21:00:04,2,8,0,10
2022-12-17T21:09:26,2,8,0,10
2022-12-17T21:18:47,2,8,0,10
2022-12-17T21:28:11,2,8,0,10
2022-12-17T21:37:41,2,8,0,10
2022-12-17T21:47:02,2,8,0,10
2022-12-17T21:56:22,2,8,0,10
2022-12-17T22:05:42,2,8,0,10
2022-12-17T22:15:03,2,8,0,10
2022-12-17T22:24:24,2,8,0,10
2022-12-17T22:33:45,2,8,0,10
2022-12-17T22:43:08,2,8,0,10
2022-12-17T22:52:28,2,8,0,10
2022-12-17T23:01:49,2,8,0,10
2022-12-17T23:11:10,2,8,0,10
2022-12-17T23:20:31,2,8,0,10
2022-12-17T23:29:52,2,8,0,10
2022-12-17T23:39:13,2,8,0,10
2022-12-17T23:48:32,2,8,0,10
2022-12-17T23:57:53,2,8,0,10
2022-12-18T00:07:14,2,8,0,10
2022-12-18T00:16:46,2,8,0,10
2022-12-18T00:26:06,2,8,0,10
2022-12-18T00:35:27,2,8,0,10
2022-12-18T00:44:49,2,8,0,10
2022-12-18T01:14:42,2,8,0,10
2022-12-18T01:24:09,2,8,0,10
2022-12-18T01:33:34,2,8,0,10
2022-12-18T01:42:59,2,8,0,10
2022-12-18T01:52:25,2,8,0,10
2022-12-18T02:01:53,2,8,0,10
2022-12-18T02:11:18,2,8,0,10
2022-12-18T02:20:42,2,8,0,10
2022-12-18T02:30:16,2,8,0,10
2022-12-18T02:39:39,2,8,0,10
2022-12-18T02:49:01,2,8,0,10
2022-12-18T02:58:23,2,8,0,10
2022-12-18T03:07:45,2,8,0,10
2022-12-18T03:17:07,2,8,0,10
2022-12-18T03:26:29,2,8,0,10
2022-12-18T03:35:54,2,8,0,10
2022-12-18T03:45:18,2,8,0,10
2022-12-18T03:54:43,2,8,0,10
2022-12-18T04:04:06,2,8,0,10
2022-12-18T04:30:11,2,8,0,10
2022-12-18T04:39:37,2,8,0,10
2022-12-18T04:49:02,2,8,0,10
2022-12-18T04:58:24,2,8,0,10
2022-12-18T05:07:46,2,8,0,10
2022-12-18T05:17:06,2,8,0,10
2022-12-18T05:26:27,2,8,0,10
2022-12-18T05:35:48,2,8,0,10
2022-12-18T05:45:10,2,8,0,10
2022-12-18T05:54:33,2,8,0,10
2022-12-18T06:03:57,2,8,0,10
2022-12-18T06:13:21,2,8,0,10
2022-12-18T06:22:47,2,8,0,10
2022-12-18T06:32:09,2,8,0,10
2022-12-18T06:41:30,2,8,0,10
2022-12-18T06:50:52,2,8,0,10
2022-12-18T07:00:13,2,8,0,10
2022-12-18T07:09:36,2,8,0,10
2022-12-18T07:18:58,2,8,0,10
2022-12-18T07:28:21,2,8,0,10
2022-12-18T07:37:44,2,8,0,10
2022-12-18T07:47:08,2,8,0,10
2022-12-18T07:56:33,2,8,0,10
2022-12-18T08:05:56,2,8,0,10
2022-12-18T08:15:19,2,8,0,10
2022-12-18T08:24:42,2,8,0,10
2022-12-18T08:34:08,2,8,0,10
2022-12-18T08:43:29,2,8,0,10
2022-12-18T08:52:51,2,8,0,10
2022-12-18T09:02:13,2,8,0,10
2022-12-18T09:11:35,2,8,0,10
2022-12-18T09:20:57,2,8,0,10
2022-12-18T09:30:20,2,8,0,10
2022-12-18T09:39:41,2,8,0,10
2022-12-18T09:49:03,2,8,0,10
2022-12-18T09:58:26,2,8,0,10
2022-12-18T10:07:49,2,8,0,10
2022-12-18T10:17:13,2,8,0,10
2022-12-18T10:26:46,2,8,0,10
2022-12-18T10:36:08,2,8,0,10
2022-12-18T10:45:30,2,8,0,10
2022-12-18T10:54:52,2,8,0,10
2022-12-18T11:04:17,2,8,0,10
2022-12-18T11:13:41,2,8,0,10
2022-12-18T11:23:07,2,8,0,10
2022-12-18T11:32:34,2,8,0,10
2022-12-18T11:42:00,2,8,0,10
2022-12-18T11:51:25,2,8,0,10
2022-12-18T12:00:50,2,8,0,10
2022-12-18T12:10:13,2,8,0,10
2022-12-18T12:19:36,2,8,0,10
2022-12-18T12:28:58,2,8,0,10
2022-12-18T12:38:20,2,8,0,10
2022-12-18T12:47:42,2,8,0,10
2022-12-18T12:57:05,2,8,0,10
2022-12-18T13:06:40,2,8,0,10
2022-12-18T13:16:01,2,8,0,10
2022-12-18T13:25:23,2,8,0,10
2022-12-18T13:34:46,2,8,0,10
2022-12-18T13:44:08,2,8,0,10
2022-12-18T13:53:29,2,8,0,10
2022-12-18T14:02:51,2,8,0,10
2022-12-18T14:12:14,2,8,0,10
2022-12-18T14:21:38,2,8,0,10
2022-12-18T14:31:01,2,8,0,10
2022-12-18T14:40:23,2,8,0,10
2022-12-18T14:49:46,2,8,0,10
2022-12-18T14:59:08,2,8,0,10
2022-12-18T15:08:40,2,8,0,10
2022-12-18T15:18:03,2,8,0,10
2022-12-18T15:27:25,2,8,0,10
2022-12-18T15:36:49,2,8,0,10
2022-12-18T15:46:12,2,8,0,10
2022-12-18T15:55:34,2,8,0,10
2022-12-18T16:04:58,2,8,0,10
2022-12-18T16:14:21,2,8,0,10
2022-12-18T16:23:44,2,8,0,10
2022-12-18T16:33:08,2,8,0,10
2022-12-18T16:42:32,2,8,0,10
2022-12-18T16:51:54,2,8,0,10
2022-12-18T17:01:16,2,8,0,10
2022-12-18T17:10:40,2,8,0,10
2022-12-18T17:20:05,2,8,0,10
2022-12-18T17:29:37,2,8,0,10
2022-12-18T17:38:58,2,8,0,10
2022-12-18T17:48:20,2,8,0,10
2022-12-18T17:57:44,2,8,0,10
2022-12-18T18:07:08,2,8,0,10
2022-12-18T18:16:31,2,8,0,10
2022-12-18T18:25:53,2,8,0,10
2022-12-18T18:35:15,2,8,0,10
2022-12-18T18:44:38,2,8,0,10
2022-12-18T18:54:01,2,8,0,10
2022-12-18T19:03:24,2,8,0,10
2022-12-18T19:12:58,2,8,0,10
2022-12-18T19:22:20,2,8,0,10
2022-12-18T19:31:43,2,8,0,10
2022-12-18T19:41:05,2,8,0,10
2022-12-18T19:50:28,2,8,0,10
2022-12-18T19:59:50,2,8,0,10
2022-12-18T20:09:13,2,8,0,10
2022-12-18T20:18:36,2,8,0,10
2022-12-18T20:27:59,2,8,0,10
2022-12-18T20:37:21,2,8,0,10
2022-12-18T20:46:54,2,8,0,10
2022-12-18T20:56:16,2,8,0,10
2022-12-18T21:05:38,2,8,0,10
2022-12-18T21:15:00,2,8,0,10
2022-12-18T21:24:23,2,8,0,10
2022-12-18T21:33:45,2,8,0,10
2022-12-18T21:43:07,2,8,0,10
2022-12-18T21:52:29,2,8,0,10
2022-12-18T22:01:53,2,8,0,10
2022-12-18T22:11:16,2,8,0,10
2022-12-18T22:20:49,2,8,0,10
2022-12-18T22:30:11,2,8,0,10
2022-12-18T22:39:34,2,8,0,10
2022-12-18T22:48:56,2,8,0,10
2022-12-18T22:58:19,2,8,0,10
2022-12-18T23:07:42,2,8,0,10
2022-12-18T23:17:05,2,8,0,10
2022-12-18T23:26:27,2,8,0,10
2022-12-18T23:35:48,2,8,0,10
2022-12-18T23:45:10,2,8,0,10
2022-12-18T23:54:32,2,8,0,10
2022-12-19T00:03:55,2,8,0,10
2022-12-19T00:13:29,2,8,0,10
2022-12-19T00:22:51,2,8,0,10
2022-12-19T00:32:12,2,8,0,10
2022-12-19T00:41:36,2,8,0,10
2022-12-19T00:50:58,2,8,0,10
2022-12-19T01:00:21,2,8,0,10
2022-12-19T01:09:45,2,8,0,10
2022-12-19T01:19:08,2,8,0,10
2022-12-19T01:28:31,2,8,0,10
2022-12-19T01:37:52,2,8,0,10
2022-12-19T01:47:15,2,8,0,10
2022-12-19T01:56:40,2,8,0,10
2022-12-19T02:06:08,2,8,0,10
2022-12-19T02:15:33,2,8,0,10
2022-12-19T02:24:58,2,8,0,10
2022-12-19T02:34:23,2,8,0,10
2022-12-19T02:43:47,2,8,0,10
2022-12-19T02:53:10,2,8,0,10
2022-12-19T03:02:33,2,8,0,10
2022-12-19T03:11:53,2,8,0,10
2022-12-19T03:21:14,2,8,0,10
2022-12-19T03:30:36,2,8,0,10
2022-12-19T03:39:59,2,8,0,10
2022-12-19T03:49:22,2,8,0,10
2022-12-19T03:58:46,2,8,0,10
2022-12-19T04:22:28,2,8,0,10
2022-12-19T04:31:52,2,8,0,10
2022-12-19T04:42:27,2,8,0,10
2022-12-19T04:52:09,2,8,0,10
2022-12-19T05:01:33,2,8,0,10
2022-12-19T05:10:56,2,8,0,10
2022-12-19T05:20:17,2,8,0,10
2022-12-19T05:29:40,2,8,0,10
2022-12-19T05:39:01,2,8,0,10
2022-12-19T05:48:22,2,8,0,10
2022-12-19T05:57:45,2,8,0,10
2022-12-19T06:07:10,2,8,0,10
2022-12-19T06:16:35,2,8,0,10
2022-12-19T06:25:59,2,8,0,10
2022-12-19T06:35:22,2,8,0,10
2022-12-19T06:44:45,2,8,0,10
2022-12-19T06:54:07,2,8,0,10
2022-12-19T07:03:30,2,8,0,10
2022-12-19T07:12:54,2,8,0,10
2022-12-19T07:22:18,2,8,0,10
2022-12-19T07:31:41,2,8,0,10
2022-12-19T07:41:05,2,8,0,10
2022-12-19T07:50:29,2,8,0,10
2022-12-19T07:59:54,2,8,0,10
2022-12-19T08:09:18,2,8,0,10
2022-12-19T08:18:47,2,8,0,10
2022-12-19T08:28:13,2,8,0,10
2022-12-19T08:37:37,2,8,0,10
2022-12-19T08:47:01,2,8,0,10
2022-12-19T08:56:36,2,8,0,10
2022-12-19T09:05:59,2,8,0,10
2022-12-19T09:15:27,2,8,0,10
2022-12-19T09:24:52,2,8,0,10
2022-12-19T09:34:20,2,8,0,10
2022-12-19T09:43:50,2,8,0,10
2022-12-19T09:53:15,2,8,0,10
2022-12-19T10:02:39,2,8,0,10
2022-12-19T10:12:03,2,8,0,10
2022-12-19T10:21:27,2,8,0,10
2022-12-19T10:31:03,2,8,0,10
2022-12-19T10:40:26,2,8,0,10
2022-12-19T10:49:50,2,8,0,10
2022-12-19T10:59:16,2,8,0,10
2022-12-19T11:08:40,2,8,0,10
2022-12-19T11:18:05,2,8,0,10
2022-12-19T11:27:30,2,8,0,10
2022-12-19T11:37:05,2,8,0,10
2022-12-19T11:46:29,2,8,0,10
2022-12-19T11:55:54,2,8,0,10
2022-12-19T12:05:19,2,8,0,10
2022-12-19T12:14:44,2,8,0,10
2022-12-19T12:24:09,2,8,0,10
2022-12-19T12:33:43,2,8,0,10
2022-12-19T12:43:09,2,8,0,10
2022-12-19T12:52:34,2,8,0,10
2022-12-19T13:01:59,2,8,0,10
2022-12-19T13:11:24,2,8,0,10
2022-12-19T13:20:58,2,8,0,10
2022-12-19T13:30:24,2,8,0,10
2022-12-19T13:39:50,2,8,0,10
2022-12-19T13:49:16,2,8,0,10
2022-12-19T13:58:41,2,8,0,10
2022-12-19T14:08:05,2,8,0,10
2022-12-19T14:17:30,2,8,0,10
2022-12-19T14:26:56,2,8,0,10
2022-12-19T14:36:31,2,8,0,10
2022-12-19T14:45:57,2,8,0,10
2022-12-19T14:55:24,2,8,0,10
2022-12-19T15:04:49,2,8,0,10
2022-12-19T15:14:14,2,8,0,10
2022-12-19T15:23:39,2,8,0,10
2022-12-19T15:33:04,2,8,0,10
2022-12-19T15:42:29,2,8,0,10
2022-12-19T15:52:03,2,8,0,10
2022-12-19T16:01:29,2,8,0,10
2022-12-19T16:10:55,2,8,0,10
2022-12-19T16:20:20,2,8,0,10
2022-12-19T16:29:43,2,8,0,10
2022-12-19T16:39:07,2,8,0,10
2022-12-19T16:48:40,2,8,0,10
2022-12-19T16:58:03,2,8,0,10
2022-12-19T17:07:26,2,8,0,10
2022-12-19T17:16:51,2,8,0,10
2022-12-19T17:26:14,2,8,0,10
2022-12-19T17:35:36,2,8,0,10
2022-12-19T17:45:00,2,8,0,10
2022-12-19T17:54:35,2,8,0,10
2022-12-19T18:03:58,2,8,0,10
2022-12-19T18:13:22,2,8,0,10
2022-12-19T18:22:44,2,8,0,10
2022-12-19T18:32:08,2,8,0,10
2022-12-19T18:41:31,2,8,0,10
2022-12-19T18:50:54,2,8,0,10
2022-12-19T19:00:17,2,8,0,10
2022-12-19T19:09:40,2,8,0,10
2022-12-19T19:19:14,2,8,0,10
2022-12-19T19:28:37,2,8,0,10
2022-12-19T19:38:00,2,8,0,10
2022-12-19T19:47:22,2,8,0,10
2022-12-19T19:56:45,2,8,0,10
2022-12-19T20:06:09,2,8,0,10
2022-12-19T20:15:33,2,8,0,10
2022-12-19T20:24:55,2,8,0,10
2022-12-19T20:34:19,2,8,0,10
2022-12-19T20:43:43,2,8,0,10
2022-12-19T20:53:06,2,8,0,10
2022-12-19T21:02:43,2,8,0,10
2022-12-19T21:12:06,2,8,0,10
2022-12-19T21:21:28,2,8,0,10
2022-12-19T21:30:51,2,8,0,10
2022-12-19T21:40:14,2,8,0,10
2022-12-19T21:49:37,2,8,0,10
2022-12-19T21:58:59,2,8,0,10
2022-12-19T22:08:21,2,8,0,10
2022-12-19T22:17:44,2,8,0,10
2022-12-19T22:27:07,2,8,0,10
2022-12-19T22:36:43,2,8,0,10
2022-12-19T22:46:03,2,8,0,10
2022-12-19T22:55:25,2,8,0,10
2022-12-19T23:04:46,2,8,0,10
2022-12-19T23:14:09,2,8,0,10
2022-12-19T23:23:30,2,8,0,10
2022-12-19T23:32:52,2,8,0,10
2022-12-19T23:42:14,2,8,0,10
2022-12-19T23:51:35,2,8,0,10
2022-12-20T00:00:56,2,8,0,10
2022-12-20T00:10:32,2,8,0,10
2022-12-20T00:19:58,2,8,0,10
2022-12-20T00:29:21,2,8,0,10
2022-12-20T00:38:45,2,8,0,10
2022-12-20T00:48:08,2,8,0,10
2022-12-20T00:57:34,2,8,0,10
2022-12-20T01:06:59,2,8,0,10
2022-12-20T01:16:23,2,8,0,10
2022-12-20T01:25:47,2,8,0,10
2022-12-20T01:35:10,2,8,0,10
2022-12-20T01:44:37,2,8,0,10
2022-12-20T01:54:01,2,8,0,10
2022-12-20T02:03:39,2,8,0,10
2022-12-20T02:12:59,2,8,0,10
2022-12-20T02:22:22,2,8,0,10
2022-12-20T02:31:44,2,8,0,10
2022-12-20T02:41:06,2,8,0,10
2022-12-20T02:50:27,2,8,0,10
2022-12-20T02:59:48,2,8,0,10
2022-12-20T03:09:10,2,8,0,10
2022-12-20T03:18:31,2,8,0,10
2022-12-20T03:27:50,2,8,0,10
2022-12-20T03:37:11,2,8,0,10
2022-12-20T03:46:35,2,8,0,10
2022-12-20T03:55:57,2,8,0,10
2022-12-20T04:05:21,2,8,0,10
2022-12-20T04:23:53,2,8,0,10
2022-12-20T04:33:19,2,8,0,10
2022-12-20T04:42:44,2,8,0,10
2022-12-20T04:52:08,2,8,0,10
2022-12-20T05:01:32,2,8,0,10
2022-12-20T05:10:56,2,8,0,10
2022-12-20T05:20:21,2,8,0,10
2022-12-20T05:29:46,2,8,0,10
2022-12-20T05:39:10,2,8,0,10
2022-12-20T05:48:34,2,8,0,10
2022-12-20T05:58:01,2,8,0,10
2022-12-20T06:07:27,2,8,0,10
2022-12-20T06:16:53,2,8,0,10
2022-12-20T06:26:19,2,8,0,10
2022-12-20T06:35:45,2,8,0,10
2022-12-20T06:45:12,2,8,0,10
2022-12-20T06:54:38,2,8,0,10
2022-12-20T07:04:05,2,8,0,10
2022-12-20T07:13:31,2,8,0,10
2022-12-20T07:22:58,2,8,0,10
2022-12-20T07:32:24,2,8,0,10
2022-12-20T07:41:50,2,8,0,10
2022-12-20T07:51:14,2,8,0,10
2022-12-20T08:00:39,2,8,0,10
2022-12-20T08:10:03,2,8,0,10
2022-12-20T08:19:28,2,8,0,10
2022-12-20T08:28:52,2,8,0,10
2022-12-20T08:38:16,2,8,0,10
2022-12-20T08:47:40,2,8,0,10
2022-12-20T08:57:04,2,8,0,10
2022-12-20T09:06:38,2,8,0,10
2022-12-20T09:16:02,2,8,0,10
2022-12-20T09:25:26,2,8,0,10
2022-12-20T09:34:50,2,8,0,10
2022-12-20T09:44:16,2,8,0,10
2022-12-20T09:53:41,2,8,0,10
2022-12-20T10:03:05,2,8,0,10
2022-12-20T10:12:32,2,8,0,10
2022-12-20T10:22:08,2,8,0,10
2022-12-20T10:31:34,2,8,0,10
2022-12-20T10:40:58,2,8,0,10
2022-12-20T10:50:23,2,8,0,10
2022-12-20T10:59:46,2,8,0,10
2022-12-20T11:09:11,2,8,0,10
2022-12-20T11:18:37,2,8,0,10
2022-12-20T11:28:01,2,8,0,10
2022-12-20T11:37:36,2,8,0,10
2022-12-20T11:47:02,2,8,0,10
2022-12-20T11:56:26,2,8,0,10
2022-12-20T12:05:51,2,8,0,10
2022-12-20T12:15:16,2,8,0,10
2022-12-20T12:24:42,2,8,0,10
2022-12-20T12:34:20,2,8,0,10
2022-12-20T12:43:46,2,8,0,10
2022-12-20T12:53:15,2,8,0,10
2022-12-20T13:02:42,2,8,0,10
2022-12-20T13:12:11,2,8,0,10
2022-12-20T13:21:38,2,8,0,10
2022-12-20T13:31:06,2,8,0,10
2022-12-20T13:40:43,2,8,0,10
2022-12-20T13:50:11,2,8,0,10
2022-12-20T13:59:37,2,8,0,10
2022-12-20T14:09:05,2,8,0,10
2022-12-20T14:18:31,2,8,0,10
2022-12-20T14:27:57,2,8,0,10
2022-12-20T14:37:24,2,8,0,10
2022-12-20T14:46:50,2,8,0,10
2022-12-20T14:56:16,2,8,0,10
2022-12-20T15:05:56,2,8,0,10
2022-12-20T15:15:23,2,8,0,10
2022-12-20T15:24:49,2,8,0,10
2022-12-20T15:34:17,2,8,0,10
2022-12-20T15:43:44,2,8,0,10
2022-12-20T15:53:23,2,8,0,10
2022-12-20T16:02:49,2,8,0,10
2022-12-20T16:12:15,2,8,0,10
2022-12-20T16:21:43,2,8,0,10
2022-12-20T16:31:10,2,8,0,10
2022-12-20T16:40:37,2,8,0,10
2022-12-20T16:50:03,2,8,0,10
2022-12-20T16:59:39,2,8,0,10
2022-12-20T17:09:05,3,7,0,10
2022-12-20T17:18:31,3,7,0,10
2022-12-20T17:27:56,3,7,0,10
2022-12-20T17:37:21,3,7,0,10
2022-12-20T17:46:45,3,7,0,10
2022-12-20T17:56:09,3,7,0,10
2022-12-20T18:05:44,3,7,0,10
2022-12-20T18:15:09,3,7,0,10
2022-12-20T18:24:33,3,7,0,10
2022-12-20T18:33:57,3,7,0,10
2022-12-20T18:43:21,3,7,0,10
2022-12-20T18:52:46,3,7,0,10
2022-12-20T19:02:11,3,7,0,10
2022-12-20T19:11:36,3,7,0,10
2022-12-20T19:21:01,3,7,0,10
2022-12-20T19:30:24,3,7,0,10
2022-12-20T19:39:49,3,7,0,10
2022-12-20T19:49:23,3,7,0,10
2022-12-20T19:58:47,3,7,0,10
2022-12-20T20:08:14,3,7,0,10
2022-12-20T20:17:38,3,7,0,10
2022-12-20T20:27:05,3,7,0,10
2022-12-20T20:36:28,3,7,0,10
2022-12-20T20:45:53,3,7,0,10
2022-12-20T20:55:29,3,7,0,10
2022-12-20T21:04:55,3,7,0,10
2022-12-20T21:14:19,3,7,0,10
2022-12-20T21:23:45,3,7,0,10
2022-12-20T21:33:10,3,7,0,10
2022-12-20T21:42:34,3,7,0,10
2022-12-20T21:51:58,3,7,0,10
2022-12-20T22:01:23,3,7,0,10
2022-12-20T22:10:49,3,7,0,10
2022-12-20T22:20:14,3,7,0,10
2022-12-20T22:29:50,3,7,0,10
2022-12-20T22:39:14,3,7,0,10
2022-12-20T22:48:39,3,7,0,10
2022-12-20T22:58:03,3,7,0,10
2022-12-20T23:07:28,3,7,0,10
2022-12-20T23:16:54,3,7,0,10
2022-12-20T23:26:20,3,7,0,10
2022-12-20T23:35:45,3,7,0,10
2022-12-20T23:45:10,3,7,0,10
2022-12-20T23:54:35,3,7,0,10
2022-12-21T00:04:13,3,7,0,10
2022-12-21T00:13:47,3,7,0,10
2022-12-21T00:23:14,3,7,0,10
2022-12-21T00:32:39,3,7,0,10
2022-12-21T00:42:06,3,7,0,10
2022-12-21T00:51:32,3,7,0,10
2022-12-21T01:00:57,3,7,0,10
2022-12-21T01:10:23,3,7,0,10
2022-12-21T01:19:49,3,7,0,10
2022-12-21T01:29:16,3,7,0,10
2022-12-21T01:38:51,3,7,0,10
2022-12-21T01:48:16,3,7,0,10
2022-12-21T01:57:41,3,7,0,10
2022-12-21T02:38:51,3,7,0,10
2022-12-21T03:04:15,3,7,0,10
2022-12-21T03:13:39,3,7,0,10
2022-12-21T03:23:03,3,7,0,10
2022-12-21T03:32:27,3,7,0,10
2022-12-21T03:41:50,3,7,0,10
2022-12-21T03:51:14,3,7,0,10
2022-12-21T04:00:38,3,7,0,10
2022-12-21T04:10:02,3,7,0,10
2022-12-21T04:32:48,3,7,0,10
2022-12-21T04:42:16,3,7,0,10
2022-12-21T04:51:41,3,7,0,10
2022-12-21T05:01:05,3,7,0,10
2022-12-21T05:10:29,3,7,0,10
2022-12-21T05:19:52,3,7,0,10
2022-12-21T05:29:15,3,7,0,10
2022-12-21T05:38:40,3,7,0,10
2022-12-21T05:48:03,3,7,0,10
2022-12-21T05:57:29,3,7,0,10
2022-12-21T06:06:55,3,7,0,10
2022-12-21T06:16:20,3,7,0,10
2022-12-21T06:25:45,3,7,0,10
2022-12-21T06:35:08,3,7,0,10
2022-12-21T06:44:31,3,7,0,10
2022-12-21T06:53:56,3,7,0,10
2022-12-21T07:03:21,3,7,0,10
2022-12-21T07:12:45,3,7,0,10
2022-12-21T07:22:11,3,7,0,10
2022-12-21T07:31:35,3,7,0,10
2022-12-21T07:41:03,3,7,0,10
2022-12-21T07:50:37,3,7,0,10
2022-12-21T08:00:02,3,7,0,10
2022-12-21T08:09:27,3,7,0,10
2022-12-21T08:18:53,3,7,0,10
2022-12-21T08:28:18,3,7,0,10
2022-12-21T08:37:45,3,7,0,10
2022-12-21T08:47:11,3,7,0,10
2022-12-21T08:56:40,3,7,0,10
2022-12-21T09:06:17,3,7,0,10
2022-12-21T09:15:43,3,7,0,10
2022-12-21T09:25:09,3,7,0,10
2022-12-21T09:34:33,3,7,0,10
2022-12-21T09:43:58,3,7,0,10
2022-12-21T09:53:23,3,7,0,10
2022-12-21T10:02:48,3,7,0,10
2022-12-21T10:12:13,3,7,0,10
2022-12-21T10:21:49,3,7,0,10
2022-12-21T10:31:15,3,7,0,10
2022-12-21T10:40:40,3,7,0,10
2022-12-21T10:50:06,3,7,0,10
2022-12-21T10:59:31,3,7,0,10
2022-12-21T11:08:57,3,7,0,10
2022-12-21T11:18:22,3,7,0,10
2022-12-21T11:27:58,3,7,0,10
2022-12-21T11:37:23,3,7,0,10
2022-12-21T11:46:48,3,7,0,10
2022-12-21T11:56:12,3,7,0,10
2022-12-21T12:05:38,3,7,0,10
2022-12-21T12:15:02,3,7,0,10
2022-12-21T12:24:26,3,7,0,10
2022-12-21T12:33:51,3,7,0,10
2022-12-21T12:43:28,3,7,0,10
2022-12-21T12:52:54,3,7,0,10
2022-12-21T13:02:18,3,7,0,10
2022-12-21T13:11:43,3,7,0,10
2022-12-21T13:21:07,3,7,0,10
2022-12-21T13:30:32,3,7,0,10
2022-12-21T13:39:59,3,7,0,10
2022-12-21T13:49:24,3,7,0,10
2022-12-21T13:58:48,3,7,0,10
2022-12-21T14:08:24,3,7,0,10
2022-12-21T14:17:49,3,7,0,10
2022-12-21T14:27:14,3,7,0,10
2022-12-21T14:36:39,3,7,0,10
2022-12-21T14:46:05,3,7,0,10
2022-12-21T14:55:29,3,7,0,10
2022-12-21T15:04:54,3,7,0,10
2022-12-21T15:14:20,3,7,0,10
2022-12-21T15:23:56,3,7,0,10
2022-12-21T15:33:21,3,7,0,10
2022-12-21T15:42:47,3,7,0,10
2022-12-21T15:52:11,3,7,0,10
2022-12-21T16:01:36,3,7,0,10
2022-12-21T16:11:01,3,7,0,10
2022-12-21T16:20:26,3,7,0,10
2022-12-21T16:30:03,3,7,0,10
2022-12-21T16:39:30,3,7,0,10
2022-12-21T16:48:56,3,7,0,10
2022-12-21T16:58:20,3,7,0,10
2022-12-21T17:07:44,3,7,0,10
2022-12-21T17:17:08,3,7,0,10
2022-12-21T17:26:32,3,7,0,10
2022-12-21T17:35:56,3,7,0,10
2022-12-21T17:45:30,3,7,0,10
2022-12-21T17:54:54,3,7,0,10
2022-12-21T18:04:18,3,7,0,10
2022-12-21T18:13:43,3,7,0,10
2022-12-21T18:23:07,3,7,0,10
2022-12-21T18:32:32,3,7,0,10
2022-12-21T18:41:56,3,7,0,10
2022-12-21T18:51:19,3,7,0,10
2022-12-21T19:00:41,3,7,0,10
2022-12-21T19:10:05,3,7,0,10
2022-12-21T19:19:39,3,7,0,10
2022-12-21T19:29:01,3,7,0,10
2022-12-21T19:38:22,3,7,0,10
2022-12-21T19:47:45,3,7,0,10
2022-12-21T19:57:06,3,7,0,10
2022-12-21T20:06:29,3,7,0,10
2022-12-21T20:15:52,3,7,0,10
2022-12-21T20:25:14,3,7,0,10
2022-12-21T20:34:36,3,7,0,10
2022-12-21T20:43:59,3,7,0,10
2022-12-21T20:53:31,3,7,0,10
2022-12-21T21:02:52,3,7,0,10
2022-12-21T21:12:14,3,7,0,10
2022-12-21T21:21:37,3,7,0,10
2022-12-21T21:30:59,3,7,0,10
2022-12-21T21:40:22,3,7,0,10
2022-12-21T21:49:44,3,7,0,10
2022-12-21T21:59:06,3,7,0,10
2022-12-21T22:08:29,3,7,0,10
2022-12-21T22:17:51,3,7,0,10
2022-12-21T22:27:13,3,7,0,10
2022-12-21T22:36:36,3,7,0,10
2022-12-21T22:46:10,3,7,0,10
2022-12-21T22:55:32,3,7,0,10
2022-12-21T23:04:54,3,7,0,10
2022-12-21T23:14:18,3,7,0,10
2022-12-21T23:23:40,3,7,0,10
2022-12-21T23:33:02,3,7,0,10
2022-12-21T23:42:25,3,7,0,10
2022-12-21T23:51:47,3,7,0,10
2022-12-22T00:01:09,3,7,0,10
2022-12-22T00:10:34,3,7,0,10
2022-12-22T00:20:01,3,7,0,10
2022-12-22T00:29:25,3,7,0,10
2022-12-22T00:38:51,3,7,0,10
2022-12-22T00:48:18,3,7,0,10
2022-12-22T00:57:43,3,7,0,10
2022-12-22T01:07:08,3,7,0,10
2022-12-22T01:16:33,3,7,0,10
2022-12-22T01:26:08,3,7,0,10
2022-12-22T01:35:33,3,7,0,10
2022-12-22T01:44:57,3,7,0,10
2022-12-22T01:54:20,3,7,0,10
2022-12-22T02:03:44,3,7,0,10
2022-12-22T02:13:05,3,7,0,10
2022-12-22T02:22:27,3,7,0,10
2022-12-22T02:31:51,3,7,0,10
2022-12-22T02:41:14,3,7,0,10
2022-12-22T02:50:40,3,7,0,10
2022-12-22T03:00:05,3,7,0,10
2022-12-22T03:09:28,3,7,0,10
2022-12-22T03:18:54,3,7,0,10
2022-12-22T03:28:18,3,7,0,10
2022-12-22T03:37:43,3,7,0,10
2022-12-22T03:47:08,3,7,0,10
2022-12-22T03:56:33,3,7,0,10
2022-12-22T04:05:58,3,7,0,10
2022-12-22T04:24:00,3,7,0,10
2022-12-22T04:33:27,3,7,0,10
2022-12-22T04:44:31,3,7,0,10
2022-12-22T04:53:57,3,7,0,10
2022-12-22T05:03:21,3,7,0,10
2022-12-22T05:12:45,3,7,0,10
2022-12-22T05:22:08,3,7,0,10
2022-12-22T05:31:31,3,7,0,10
2022-12-22T05:40:52,3,7,0,10
2022-12-22T05:50:14,3,7,0,10
2022-12-22T05:59:39,3,7,0,10
2022-12-22T06:09:05,3,7,0,10
2022-12-22T06:18:30,3,7,0,10
2022-12-22T06:27:56,3,7,0,10
2022-12-22T06:37:20,3,7,0,10
2022-12-22T06:46:44,3,7,0,10
2022-12-22T06:56:07,3,7,0,10
2022-12-22T07:05:33,3,7,0,10
2022-12-22T07:14:58,3,7,0,10
2022-12-22T07:24:22,3,7,0,10
2022-12-22T07:33:48,3,7,0,10
2022-12-22T07:43:14,3,7,0,10
2022-12-22T07:52:39,3,7,0,10
2022-12-22T08:02:03,3,7,0,10
2022-12-22T08:11:28,3,7,0,10
2022-12-22T08:20:54,3,7,0,10
2022-12-22T08:30:20,3,7,0,10
2022-12-22T08:39:45,3,7,0,10
2022-12-22T08:49:11,3,7,0,10
2022-12-22T08:58:37,3,7,0,10
2022-12-22T09:08:03,3,7,0,10
2022-12-22T09:17:30,3,7,0,10
2022-12-22T09:26:56,3,7,0,10
2022-12-22T09:36:20,3,7,0,10
2022-12-22T09:45:46,3,7,0,10
2022-12-22T09:55:11,3,7,0,10
2022-12-22T10:04:49,3,7,0,10
2022-12-22T10:14:14,3,7,0,10
2022-12-22T10:23:40,3,7,0,10
2022-12-22T10:33:06,3,7,0,10
2022-12-22T10:42:33,3,7,0,10
2022-12-22T10:51:59,3,7,0,10
2022-12-22T11:01:24,3,7,0,10
2022-12-22T11:10:49,3,7,0,10
2022-12-22T11:20:14,3,7,0,10
2022-12-22T11:29:39,3,7,0,10
2022-12-22T11:39:03,3,7,0,10
2022-12-22T11:48:43,3,7,0,10
2022-12-22T11:58:08,3,7,0,10
2022-12-22T12:07:32,3,7,0,10
2022-12-22T12:16:57,3,7,0,10
2022-12-22T12:26:22,3,7,0,10
2022-12-22T12:35:48,3,7,0,10
2022-12-22T12:45:14,3,7,0,10
2022-12-22T12:54:38,3,7,0,10
2022-12-22T13:04:02,3,7,0,10
2022-12-22T13:13:29,3,7,0,10
2022-12-22T13:22:54,3,7,0,10
2022-12-22T13:32:20,3,7,0,10
2022-12-22T13:41:46,3,7,0,10
2022-12-22T13:51:11,3,7,0,10
2022-12-22T14:00:38,3,7,0,10
2022-12-22T14:10:17,3,7,0,10
2022-12-22T14:19:43,3,7,0,10
2022-12-22T14:29:13,3,7,0,10
2022-12-22T14:38:45,3,7,0,10
2022-12-22T14:48:18,3,7,0,10
2022-12-22T14:57:51,3,7,0,10
2022-12-22T15:07:24,3,7,0,10
2022-12-22T15:16:58,3,7,0,10
2022-12-22T15:26:30,3,7,0,10
2022-12-22T15:36:03,3,7,0,10
2022-12-22T15:45:38,3,7,0,10
2022-12-22T15:55:11,3,7,0,10
2022-12-22T16:04:52,3,7,0,10
2022-12-22T16:14:22,3,7,0,10
2022-12-22T16:23:51,3,7,0,10
2022-12-22T16:33:17,3,7,0,10
2022-12-22T16:42:43,3,7,0,10
2022-12-22T16:52:09,3,7,0,10
2022-12-22T17:01:35,3,7,0,10
2022-12-22T17:11:01,3,7,0,10
2022-12-22T17:20:27,3,7,0,10
2022-12-22T17:29:54,3,7,0,10
2022-12-22T17:39:19,3,7,0,10
2022-12-22T17:48:45,3,7,0,10
2022-12-22T17:58:11,3,7,0,10
2022-12-22T18:07:37,3,7,0,10
2022-12-22T18:17:03,3,7,0,10
2022-12-22T18:26:29,3,7,0,10
2022-12-22T18:35:55,3,7,0,10
2022-12-22T18:45:22,3,7,0,10
2022-12-22T18:54:47,3,7,0,10
2022-12-22T19:04:15,3,7,0,10
2022-12-22T19:13:43,3,7,0,10
2022-12-22T19:23:09,3,7,0,10
2022-12-22T19:32:46,3,7,0,10
2022-12-22T19:42:11,3,7,0,10
2022-12-22T19:51:37,3,7,0,10
2022-12-22T20:01:03,3,7,0,10
2022-12-22T20:10:29,3,7,0,10
2022-12-22T20:19:55,3,7,0,10
2022-12-22T20:29:21,3,7,0,10
2022-12-22T20:38:46,3,7,0,10
2022-12-22T20:48:12,3,7,0,10
2022-12-22T20:57:37,3,7,0,10
2022-12-22T21:07:03,3,7,0,10
2022-12-22T21:16:28,3,7,0,10
2022-12-22T21:25:55,3,7,0,10
2022-12-22T21:35:20,3,7,0,10
2022-12-22T21:44:46,3,7,0,10
2022-12-22T21:54:12,3,7,0,10
2022-12-22T22:03:38,3,7,0,10
2022-12-22T22:13:05,3,7,0,10
2022-12-22T22:22:31,3,7,0,10
2022-12-22T22:31:57,3,7,0,10
2022-12-22T22:41:22,3,7,0,10
2022-12-22T22:50:48,3,7,0,10
2022-12-22T23:00:13,3,7,0,10
2022-12-22T23:09:41,3,7,0,10
2022-12-22T23:19:07,3,7,0,10
2022-12-22T23:28:34,3,7,0,10
2022-12-22T23:38:00,3,7,0,10
2022-12-22T23:47:26,3,7,0,10
2022-12-22T23:57:04,3,7,0,10
2022-12-23T00:06:29,3,7,0,10
2022-12-23T00:15:55,3,7,0,10
2022-12-23T00:25:22,3,7,0,10
2022-12-23T00:34:49,3,7,0,10
2022-12-23T00:44:17,3,7,0,10
2022-12-23T00:53:44,3,7,0,10
2022-12-23T01:03:11,3,7,0,10
2022-12-23T01:12:41,3,7,0,10
2022-12-23T01:22:09,3,7,0,10
2022-12-23T01:31:38,3,7,0,10
2022-12-23T01:41:05,3,7,0,10
2022-12-23T01:50:32,3,7,0,10
2022-12-23T02:00:02,3,7,0,10
2022-12-23T02:09:29,3,7,0,10
2022-12-23T02:18:54,3,7,0,10
2022-12-23T02:28:22,3,7,0,10
2022-12-23T02:37:50,3,7,0,10
2022-12-23T02:47:17,3,7,0,10
2022-12-23T02:56:43,3,7,0,10
2022-12-23T03:06:09,3,7,0,10
2022-12-23T03:15:33,3,7,0,10
2022-12-23T03:24:58,3,7,0,10
2022-12-23T03:34:25,3,7,0,10
2022-12-23T03:43:51,3,7,0,10
2022-12-23T03:53:18,3,7,0,10
2022-12-23T04:02:45,3,7,0,10
2022-12-23T04:12:13,3,7,0,10
2022-12-23T04:30:35,3,7,0,10
2022-12-23T04:41:22,3,7,0,10
2022-12-23T04:51:08,3,7,0,10
2022-12-23T05:00:35,3,7,0,10
2022-12-23T05:09:59,3,7,0,10
2022-12-23T05:19:23,3,7,0,10
2022-12-23T05:28:47,3,7,0,10
2022-12-23T05:38:10,3,7,0,10
2022-12-23T05:47:35,3,7,0,10
2022-12-23T05:57:02,3,7,0,10
2022-12-23T06:06:30,3,7,0,10
2022-12-23T06:15:57,3,7,0,10
2022-12-23T06:25:24,3,7,0,10
2022-12-23T06:34:50,3,7,0,10
2022-12-23T06:44:15,3,7,0,10
2022-12-23T06:53:41,3,7,0,10
2022-12-23T07:03:09,3,7,0,10
2022-12-23T07:12:34,3,7,0,10
2022-12-23T07:22:00,3,7,0,10
2022-12-23T07:31:26,3,7,0,10
2022-12-23T07:40:52,3,7,0,10
2022-12-23T07:50:20,3,7,0,10
2022-12-23T07:59:45,3,7,0,10
2022-12-23T08:09:11,3,7,0,10
2022-12-23T08:18:36,3,7,0,10
2022-12-23T08:28:03,3,7,0,10
2022-12-23T08:37:29,3,7,0,10
2022-12-23T08:46:56,3,7,0,10
2022-12-23T08:56:21,3,7,0,10
2022-12-23T09:05:47,3,7,0,10
2022-12-23T09:15:13,3,7,0,10
2022-12-23T09:24:40,3,7,0,10
2022-12-23T09:34:05,3,7,0,10
2022-12-23T09:43:30,3,7,0,10
2022-12-23T09:52:54,3,7,0,10
2022-12-23T10:02:21,3,7,0,10
2022-12-23T10:11:46,3,7,0,10
2022-12-23T10:21:10,3,7,0,10
2022-12-23T10:30:36,3,7,0,10
2022-12-23T10:40:01,3,7,0,10
2022-12-23T10:49:26,3,7,0,10
2022-12-23T10:58:51,3,7,0,10
2022-12-23T11:08:17,3,7,0,10
2022-12-23T11:17:42,3,7,0,10
2022-12-23T11:27:07,3,7,0,10
2022-12-23T11:36:32,3,7,0,10
2022-12-23T11:45:57,3,7,0,10
2022-12-23T11:55:23,3,7,0,10
2022-12-23T12:04:48,3,7,0,10
2022-12-23T12:14:23,3,7,0,10
2022-12-23T12:23:49,3,7,0,10
2022-12-23T12:33:14,3,7,0,10
2022-12-23T12:42:39,3,7,0,10
2022-12-23T12:52:04,3,7,0,10
2022-12-23T13:01:30,3,7,0,10
2022-12-23T13:10:55,3,7,0,10
2022-12-23T13:20:20,3,7,0,10
2022-12-23T13:29:45,3,7,0,10
2022-12-23T13:39:10,3,7,0,10
2022-12-23T13:48:35,3,7,0,10
2022-12-23T13:58:00,3,7,0,10
2022-12-23T14:07:26,3,7,0,10
2022-12-23T14:16:51,3,7,0,10
2022-12-23T14:26:19,3,7,0,10
2022-12-23T14:35:44,3,7,0,10
2022-12-23T14:45:08,3,7,0,10
2022-12-23T14:54:44,3,7,0,10
2022-12-23T15:04:09,3,7,0,10
2022-12-23T15:13:34,3,7,0,10
2022-12-23T15:23:00,3,7,0,10
2022-12-23T15:32:28,3,7,0,10
2022-12-23T15:41:54,3,7,0,10
2022-12-23T15:51:19,3,7,0,10
2022-12-23T16:00:44,3,7,0,10
2022-12-23T16:10:09,3,7,0,10
2022-12-23T16:19:33,3,7,0,10
2022-12-23T16:28:59,3,7,0,10
2022-12-23T16:38:23,3,7,0,10
2022-12-23T16:47:49,3,7,0,10
2022-12-23T16:57:13,3,7,0,10
2022-12-23T17:06:49,3,7,0,10
2022-12-23T17:16:14,3,7,0,10
2022-12-23T17:25:39,3,7,0,10
2022-12-23T17:35:05,3,7,0,10
2022-12-23T17:44:29,3,7,0,10
2022-12-23T17:53:54,3,7,0,10
2022-12-23T18:03:20,3,7,0,10
2022-12-23T18:12:45,3,7,0,10
2022-12-23T18:22:10,3,7,0,10
2022-12-23T18:31:35,3,7,0,10
2022-12-23T18:41:00,3,7,0,10
2022-12-23T18:50:23,3,7,0,10
2022-12-23T18:59:47,3,7,0,10
2022-12-23T19:09:15,3,7,0,10
2022-12-23T19:18:40,3,7,0,10
2022-12-23T19:28:15,3,7,0,10
2022-12-23T19:37:38,3,7,0,10
2022-12-23T19:47:01,3,7,0,10
2022-12-23T19:56:24,3,7,0,10
2022-12-23T20:05:49,3,7,0,10
2022-12-23T20:15:13,3,7,0,10
2022-12-23T20:24:38,3,7,0,10
2022-12-23T20:34:02,3,7,0,10
2022-12-23T20:43:26,3,7,0,10
2022-12-23T20:52:50,3,7,0,10
2022-12-23T21:02:14,3,7,0,10
2022-12-23T21:11:36,3,7,0,10
2022-12-23T21:21:00,3,7,0,10
2022-12-23T21:30:24,3,7,0,10
2022-12-23T21:39:47,3,7,0,10
2022-12-23T21:49:10,3,7,0,10
2022-12-23T21:58:33,3,7,0,10
2022-12-23T22:07:58,3,7,0,10
2022-12-23T22:17:32,3,7,0,10
2022-12-23T22:26:56,3,7,0,10
2022-12-23T22:36:18,3,7,0,10
2022-12-23T22:45:41,3,7,0,10
2022-12-23T22:55:06,3,7,0,10
2022-12-23T23:04:30,3,7,0,10
2022-12-23T23:13:54,3,7,0,10
2022-12-23T23:23:17,3,7,0,10
2022-12-23T23:32:41,3,7,0,10
2022-12-23T23:42:05,3,7,0,10
2022-12-23T23:51:29,3,7,0,10
2022-12-24T00:00:52,3,7,0,10
2022-12-24T00:10:17,3,7,0,10
2022-12-24T00:19:46,3,7,0,10
2022-12-24T00:29:10,3,7,0,10
2022-12-24T00:38:35,3,7,0,10
2022-12-24T00:48:01,3,7,0,10
2022-12-24T00:57:26,3,7,0,10
2022-12-24T01:06:53,3,7,0,10
2022-12-24T01:16:19,3,7,0,10
2022-12-24T01:25:44,3,7,0,10
2022-12-24T01:35:09,3,7,0,10
2022-12-24T01:44:32,3,7,0,10
2022-12-24T01:53:56,3,7,0,10
2022-12-24T02:03:24,3,7,0,10
2022-12-24T02:12:50,3,7,0,10
2022-12-24T02:22:15,3,7,0,10
2022-12-24T02:31:40,3,7,0,10
2022-12-24T02:41:05,3,7,0,10
2022-12-24T02:50:30,3,7,0,10
2022-12-24T02:59:55,3,7,0,10
2022-12-24T03:09:18,3,7,0,10
2022-12-24T03:18:43,3,7,0,10
2022-12-24T03:28:09,3,7,0,10
2022-12-24T03:37:35,3,7,0,10
2022-12-24T03:47:01,3,7,0,10
2022-12-24T03:56:29,3,7,0,10
2022-12-24T04:05:58,3,7,0,10
2022-12-24T04:37:24,3,7,0,10
2022-12-24T04:47:07,3,7,0,10
2022-12-24T04:56:33,3,7,0,10
2022-12-24T05:05:59,3,7,0,10
2022-12-24T05:15:23,3,7,0,10
2022-12-24T05:24:48,3,7,0,10
2022-12-24T05:34:13,3,7,0,10
2022-12-24T05:43:37,3,7,0,10
2022-12-24T05:53:03,3,7,0,10
2022-12-24T06:02:31,3,7,0,10
2022-12-24T06:11:59,3,7,0,10
2022-12-24T06:21:26,3,7,0,10
2022-12-24T06:30:51,3,7,0,10
2022-12-24T06:40:16,3,7,0,10
2022-12-24T06:49:42,3,7,0,10
2022-12-24T06:59:06,3,7,0,10
2022-12-24T07:08:32,3,7,0,10
2022-12-24T07:17:58,3,7,0,10
2022-12-24T07:27:23,3,7,0,10
2022-12-24T07:36:49,3,7,0,10
2022-12-24T07:46:15,3,7,0,10
2022-12-24T07:55:41,3,7,0,10
2022-12-24T08:05:07,3,7,0,10
2022-12-24T08:14:33,3,7,0,10
2022-12-24T08:24:02,3,7,0,10
2022-12-24T08:33:28,3,7,0,10
2022-12-24T08:42:53,3,7,0,10
2022-12-24T08:52:18,3,7,0,10
2022-12-24T09:01:43,3,7,0,10
2022-12-24T09:11:08,3,7,0,10
2022-12-24T09:20:34,3,7,0,10
2022-12-24T09:30:00,3,7,0,10
2022-12-24T09:39:26,3,7,0,10
2022-12-24T09:48:51,3,7,0,10
2022-12-24T09:58:16,3,7,0,10
2022-12-24T10:07:49,3,7,0,10
2022-12-24T10:17:14,3,7,0,10
2022-12-24T10:26:39,3,7,0,10
2022-12-24T10:36:05,3,7,0,10
2022-12-24T10:45:31,3,7,0,10
2022-12-24T10:54:56,3,7,0,10
2022-12-24T11:04:21,3,7,0,10
2022-12-24T11:13:46,3,7,0,10
2022-12-24T11:23:10,3,7,0,10
2022-12-24T11:32:36,3,7,0,10
2022-12-24T11:42:01,3,7,0,10
2022-12-24T11:51:25,3,7,0,10
2022-12-24T12:00:50,3,7,0,10
2022-12-24T12:10:14,3,7,0,10
2022-12-24T12:19:39,3,7,0,10
2022-12-24T12:29:04,3,7,0,10
2022-12-24T12:38:28,3,7,0,10
2022-12-24T12:48:04,3,7,0,10
2022-12-24T12:57:28,3,7,0,10
2022-12-24T13:06:52,3,7,0,10
2022-12-24T13:16:16,3,7,0,10
2022-12-24T13:25:42,3,7,0,10
2022-12-24T13:35:08,3,7,0,10
2022-12-24T13:44:35,3,7,0,10
2022-12-24T13:53:59,3,7,0,10
2022-12-24T14:03:23,3,7,0,10
2022-12-24T14:12:48,3,7,0,10
2022-12-24T14:22:13,3,7,0,10
2022-12-24T14:31:37,3,7,0,10
2022-12-24T14:41:02,3,7,0,10
2022-12-24T14:50:26,3,7,0,10
2022-12-24T14:59:51,3,7,0,10
2022-12-24T15:09:15,3,7,0,10
2022-12-24T15:18:39,3,7,0,10
2022-12-24T15:28:04,3,7,0,10
2022-12-24T15:37:30,3,7,0,10
2022-12-24T15:47:05,3,7,0,10
2022-12-24T15:56:31,3,7,0,10
2022-12-24T16:05:56,3,7,0,10
2022-12-24T16:15:24,3,7,0,10
2022-12-24T16:24:48,3,7,0,10
2022-12-24T16:34:12,3,7,0,10
2022-12-24T16:43:37,3,7,0,10
2022-12-24T16:53:03,3,7,0,10
2022-12-24T17:02:28,3,7,0,10
2022-12-24T17:11:53,3,7,0,10
2022-12-24T17:21:18,3,7,0,10
2022-12-24T17:30:42,3,7,0,10
2022-12-24T17:40:07,3,7,0,10
2022-12-24T17:49:31,3,7,0,10
2022-12-24T17:58:55,3,7,0,10
2022-12-24T18:08:18,3,7,0,10
2022-12-24T18:17:41,3,7,0,10
2022-12-24T18:27:05,3,7,0,10
2022-12-24T18:36:40,3,7,0,10
2022-12-24T18:46:04,3,7,0,10
2022-12-24T18:55:27,3,7,0,10
2022-12-24T19:04:51,3,7,0,10
2022-12-24T19:14:15,3,7,0,10
2022-12-24T19:23:38,3,7,0,10
2022-12-24T19:33:02,3,7,0,10
2022-12-24T19:42:26,3,7,0,10
2022-12-24T19:51:48,3,7,0,10
2022-12-24T20:01:11,3,7,0,10
2022-12-24T20:10:34,3,7,0,10
2022-12-24T20:19:57,3,7,0,10
2022-12-24T20:29:20,3,7,0,10
2022-12-24T20:38:43,3,7,0,10
2022-12-24T20:48:06,3,7,0,10
2022-12-24T20:57:28,3,7,0,10
2022-12-24T21:06:52,3,7,0,10
2022-12-24T21:16:15,3,7,0,10
2022-12-24T21:25:38,3,7,0,10
2022-12-24T21:35:10,3,7,0,10
2022-12-24T21:44:34,3,7,0,10
2022-12-24T21:53:57,3,7,0,10
2022-12-24T22:03:22,3,7,0,10
2022-12-24T22:12:46,3,7,0,10
2022-12-24T22:22:09,3,7,0,10
2022-12-24T22:31:32,3,7,0,10
2022-12-24T22:40:56,3,7,0,10
2022-12-24T22:50:20,3,7,0,10
2022-12-24T22:59:43,3,7,0,10
2022-12-24T23:09:08,3,7,0,10
2022-12-24T23:18:33,3,7,0,10
2022-12-24T23:27:57,3,7,0,10
2022-12-24T23:37:23,3,7,0,10
2022-12-24T23:46:47,3,7,0,10
2022-12-24T23:56:10,3,7,0,10
2022-12-25T00:05:34,3,7,0,10
2022-12-25T00:15:00,3,7,0,10
2022-12-25T00:24:27,3,7,0,10
2022-12-25T00:33:53,3,7,0,10
2022-12-25T00:43:19,3,7,0,10
2022-12-25T00:52:44,3,7,0,10
2022-12-25T01:02:10,3,7,0,10
2022-12-25T01:11:35,3,7,0,10
2022-12-25T01:20:59,3,7,0,10
2022-12-25T01:30:25,3,7,0,10
2022-12-25T01:40:01,3,7,0,10
2022-12-25T01:49:26,3,7,0,10
2022-12-25T01:58:52,3,7,0,10
2022-12-25T02:08:21,3,7,0,10
2022-12-25T02:17:48,3,7,0,10
2022-12-25T02:27:14,3,7,0,10
2022-12-25T02:36:39,3,7,0,10
2022-12-25T02:46:03,3,7,0,10
2022-12-25T02:55:27,3,7,0,10
2022-12-25T03:04:53,3,7,0,10
2022-12-25T03:14:19,3,7,0,10
2022-12-25T03:23:44,3,7,0,10
2022-12-25T03:33:11,3,7,0,10
2022-12-25T03:42:38,3,7,0,10
2022-12-25T03:52:06,3,7,0,10
2022-12-25T04:01:34,3,7,0,10
2022-12-25T04:11:00,3,7,0,10
2022-12-25T04:30:25,3,7,0,10
2022-12-25T04:41:01,3,7,0,10
2022-12-25T04:50:43,3,7,0,10
2022-12-25T05:00:09,3,7,0,10
2022-12-25T05:09:34,3,7,0,10
2022-12-25T05:18:59,3,7,0,10
2022-12-25T05:28:23,3,7,0,10
2022-12-25T05:37:47,3,7,0,10
2022-12-25T05:47:11,3,7,0,10
2022-12-25T05:56:36,3,7,0,10
2022-12-25T06:06:07,3,7,0,10
2022-12-25T06:15:35,3,7,0,10
2022-12-25T06:25:02,3,7,0,10
2022-12-25T06:34:27,3,7,0,10
2022-12-25T06:43:52,3,7,0,10
2022-12-25T06:53:17,3,7,0,10
2022-12-25T07:02:42,3,7,0,10
2022-12-25T07:12:08,3,7,0,10
2022-12-25T07:21:35,3,7,0,10
2022-12-25T07:31:01,3,7,0,10
2022-12-25T07:40:27,3,7,0,10
2022-12-25T07:49:54,3,7,0,10
2022-12-25T07:59:18,3,7,0,10
2022-12-25T08:08:45,3,7,0,10
2022-12-25T08:18:12,3,7,0,10
2022-12-25T08:27:39,3,7,0,10
2022-12-25T08:37:05,3,7,0,10
2022-12-25T08:46:36,3,7,0,10
2022-12-25T08:56:01,3,7,0,10
2022-12-25T09:05:27,3,7,0,10
2022-12-25T09:14:53,3,7,0,10
2022-12-25T09:24:18,3,7,0,10
2022-12-25T09:33:44,3,7,0,10
2022-12-25T09:43:09,3,7,0,10
2022-12-25T09:52:35,3,7,0,10
2022-12-25T10:01:59,3,7,0,10
2022-12-25T10:11:24,3,7,0,10
2022-12-25T10:20:49,3,7,0,10
2022-12-25T10:30:15,3,7,0,10
2022-12-25T10:39:41,3,7,0,10
2022-12-25T10:49:07,3,7,0,10
2022-12-25T10:58:40,3,7,0,10
2022-12-25T11:08:05,3,7,0,10
2022-12-25T11:17:29,3,7,0,10
2022-12-25T11:26:54,3,7,0,10
2022-12-25T11:42:11,3,7,0,10
2022-12-25T11:51:38,3,7,0,10
2022-12-25T12:01:04,3,7,0,10
2022-12-25T12:10:31,3,7,0,10
2022-12-25T12:19:57,3,7,0,10
2022-12-25T12:29:23,3,7,0,10
2022-12-25T12:38:49,3,7,0,10
2022-12-25T12:48:15,3,7,0,10
2022-12-25T12:57:41,3,7,0,10
2022-12-25T13:07:07,3,7,0,10
2022-12-25T13:16:33,3,7,0,10
2022-12-25T13:25:58,3,7,0,10
2022-12-25T13:35:23,3,7,0,10
2022-12-25T13:44:49,3,7,0,10
2022-12-25T13:54:15,3,7,0,10
2022-12-25T14:03:40,3,7,0,10
2022-12-25T14:13:06,3,7,0,10
2022-12-25T14:22:31,3,7,0,10
2022-12-25T14:31:57,3,7,0,10
2022-12-25T14:41:23,3,7,0,10
2022-12-25T14:50:49,3,7,0,10
2022-12-25T15:00:15,3,7,0,10
2022-12-25T15:09:41,3,7,0,10
2022-12-25T15:19:10,3,7,0,10
2022-12-25T15:28:49,3,7,0,10
2022-12-25T15:38:15,3,7,0,10
2022-12-25T15:47:46,3,7,0,10
2022-12-25T15:57:18,3,7,0,10
2022-12-25T16:06:52,3,7,0,10
2022-12-25T16:16:26,3,7,0,10
2022-12-25T16:25:59,3,7,0,10
2022-12-25T16:35:32,3,7,0,10
2022-12-25T16:45:06,3,7,0,10
2022-12-25T16:54:39,3,7,0,10
2022-12-25T17:04:12,3,7,0,10
2022-12-25T17:13:44,3,7,0,10
2022-12-25T17:23:13,3,7,0,10
2022-12-25T17:32:41,3,7,0,10
2022-12-25T17:42:09,3,7,0,10
2022-12-25T17:51:35,3,7,0,10
2022-12-25T18:01:01,3,7,0,10
2022-12-25T18:10:27,3,7,0,10
2022-12-25T18:19:53,3,7,0,10
2022-12-25T18:29:19,3,7,0,10
2022-12-25T18:38:47,3,7,0,10
2022-12-25T18:48:13,3,7,0,10
2022-12-25T18:57:39,3,7,0,10
2022-12-25T19:07:09,3,7,0,10
2022-12-25T19:16:37,3,7,0,10
2022-12-25T19:26:03,3,7,0,10
2022-12-25T19:35:29,3,7,0,10
2022-12-25T19:45:05,3,7,0,10
2022-12-25T19:54:30,3,7,0,10
2022-12-25T20:03:56,3,7,0,10
2022-12-25T20:13:21,3,7,0,10
2022-12-25T20:22:48,3,7,0,10
2022-12-25T20:32:13,3,7,0,10
2022-12-25T20:41:39,3,7,0,10
2022-12-25T20:51:05,3,7,0,10
2022-12-25T21:00:31,3,7,0,10
2022-12-25T21:09:57,3,7,0,10
2022-12-25T21:19:24,3,7,0,10
2022-12-25T21:28:53,3,7,0,10
2022-12-25T21:38:19,3,7,0,10
2022-12-25T21:47:47,3,7,0,10
2022-12-25T21:57:13,3,7,0,10
2022-12-25T22:06:41,3,7,0,10
2022-12-25T22:16:07,3,7,0,10
2022-12-25T22:25:33,3,7,0,10
2022-12-25T22:34:59,3,7,0,10
2022-12-25T22:44:24,3,7,0,10
2022-12-25T22:53:48,3,7,0,10
2022-12-25T23:03:13,3,7,0,10
2022-12-25T23:12:38,3,7,0,10
2022-12-25T23:22:04,3,7,0,10
2022-12-25T23:31:39,3,7,0,10
2022-12-25T23:41:03,3,7,0,10
2022-12-25T23:50:27,3,7,0,10
2022-12-25T23:59:51,3,7,0,10
2022-12-26T00:09:17,3,7,0,10
2022-12-26T00:18:49,3,7,0,10
2022-12-26T00:28:16,3,7,0,10
2022-12-26T00:37:44,3,7,0,10
2022-12-26T00:47:15,3,7,0,10
2022-12-26T00:56:42,3,7,0,10
2022-12-26T01:06:08,3,7,0,10
2022-12-26T01:15:36,3,7,0,10
2022-12-26T01:25:08,3,7,0,10
2022-12-26T01:34:36,3,7,0,10
2022-12-26T01:44:03,3,7,0,10
2022-12-26T01:53:30,3,7,0,10
2022-12-26T02:02:58,3,7,0,10
2022-12-26T02:12:25,3,7,0,10
2022-12-26T02:21:52,3,7,0,10
2022-12-26T02:31:19,3,7,0,10
2022-12-26T02:40:44,3,7,0,10
2022-12-26T02:50:10,3,7,0,10
2022-12-26T02:59:35,3,7,0,10
2022-12-26T03:09:00,3,7,0,10
2022-12-26T03:18:26,3,7,0,10
2022-12-26T03:27:52,3,7,0,10
2022-12-26T03:37:19,3,7,0,10
2022-12-26T03:46:46,3,7,0,10
2022-12-26T03:56:14,3,7,0,10
2022-12-26T04:05:41,3,7,0,10
2022-12-26T04:27:01,3,7,0,10
2022-12-26T04:36:28,3,7,0,10
2022-12-26T04:47:07,3,7,0,10
2022-12-26T04:56:49,3,7,0,10
2022-12-26T05:06:15,3,7,0,10
2022-12-26T05:15:39,3,7,0,10
2022-12-26T05:25:04,3,7,0,10
2022-12-26T05:34:31,3,7,0,10
2022-12-26T05:43:55,3,7,0,10
2022-12-26T05:53:21,3,7,0,10
2022-12-26T06:02:50,3,7,0,10
2022-12-26T06:12:18,3,7,0,10
2022-12-26T06:21:46,3,7,0,10
2022-12-26T06:31:12,3,7,0,10
2022-12-26T06:40:38,3,7,0,10
2022-12-26T06:50:03,3,7,0,10
2022-12-26T06:59:29,3,7,0,10
2022-12-26T07:08:55,3,7,0,10
2022-12-26T07:18:21,3,7,0,10
2022-12-26T07:27:48,3,7,0,10
2022-12-26T07:37:15,3,7,0,10
2022-12-26T07:46:43,3,7,0,10
2022-12-26T07:56:09,3,7,0,10
2022-12-26T08:05:36,3,7,0,10
2022-12-26T08:15:02,3,7,0,10
2022-12-26T08:24:29,3,7,0,10
2022-12-26T08:33:56,3,7,0,10
2022-12-26T08:43:21,3,7,0,10
2022-12-26T08:52:48,3,7,0,10
2022-12-26T09:02:15,3,7,0,10
2022-12-26T09:11:41,3,7,0,10
2022-12-26T09:21:06,3,7,0,10
2022-12-26T09:30:32,3,7,0,10
2022-12-26T09:40:01,3,7,0,10
2022-12-26T09:49:27,3,7,0,10
2022-12-26T09:58:53,3,7,0,10
2022-12-26T10:08:19,3,7,0,10
2022-12-26T10:17:45,3,7,0,10
2022-12-26T10:27:10,3,7,0,10
2022-12-26T10:36:36,3,7,0,10
2022-12-26T10:46:02,3,7,0,10
2022-12-26T10:55:28,3,7,0,10
2022-12-26T11:04:55,3,7,0,10
2022-12-26T11:14:22,3,7,0,10
2022-12-26T11:23:49,3,7,0,10
2022-12-26T11:33:15,3,7,0,10
2022-12-26T11:42:41,3,7,0,10
2022-12-26T11:52:07,3,7,0,10
2022-12-26T12:01:42,3,7,0,10
2022-12-26T12:11:07,3,7,0,10
2022-12-26T12:20:34,3,7,0,10
2022-12-26T12:30:00,3,7,0,10
2022-12-26T12:39:26,3,7,0,10
2022-12-26T12:48:53,3,7,0,10
2022-12-26T12:58:19,3,7,0,10
2022-12-26T13:07:45,3,7,0,10
2022-12-26T13:17:12,3,7,0,10
2022-12-26T13:26:38,3,7,0,10
2022-12-26T13:36:04,3,7,0,10
2022-12-26T13:45:32,3,7,0,10
2022-12-26T13:54:59,3,7,0,10
2022-12-26T14:04:26,3,7,0,10
2022-12-26T14:13:52,3,7,0,10
2022-12-26T14:23:17,3,7,0,10
2022-12-26T14:32:43,3,7,0,10
2022-12-26T14:42:08,3,7,0,10
2022-12-26T14:51:34,3,7,0,10
2022-12-26T15:01:00,3,7,0,10
2022-12-26T15:10:26,3,7,0,10
2022-12-26T15:19:52,3,7,0,10
2022-12-26T15:29:27,3,7,0,10
2022-12-26T15:38:53,3,7,0,10
2022-12-26T15:48:20,3,7,0,10
2022-12-26T15:57:45,3,7,0,10
2022-12-26T16:07:12,3,7,0,10
2022-12-26T16:16:37,3,7,0,10
2022-12-26T16:26:04,3,7,0,10
2022-12-26T16:35:29,3,7,0,10
2022-12-26T16:44:55,3,7,0,10
2022-12-26T16:54:20,3,7,0,10
2022-12-26T17:03:46,3,7,0,10
2022-12-26T17:13:11,3,7,0,10
2022-12-26T17:22:37,3,7,0,10
2022-12-26T17:32:02,3,7,0,10
2022-12-26T17:41:28,3,7,0,10
2022-12-26T17:50:55,3,7,0,10
2022-12-26T18:00:21,3,7,0,10
2022-12-26T18:09:47,3,7,0,10
2022-12-26T18:19:14,3,7,0,10
2022-12-26T18:28:38,3,7,0,10
2022-12-26T18:38:03,3,7,0,10
2022-12-26T18:47:27,3,7,0,10
2022-12-26T18:56:51,3,7,0,10
2022-12-26T19:06:25,3,7,0,10
2022-12-26T19:15:50,3,7,0,10
2022-12-26T19:25:14,3,7,0,10
2022-12-26T19:34:39,3,7,0,10
2022-12-26T19:44:03,3,7,0,10
2022-12-26T19:53:27,3,7,0,10
2022-12-26T20:02:51,3,7,0,10
2022-12-26T20:12:15,3,7,0,10
2022-12-26T20:21:39,3,7,0,10
2022-12-26T20:31:03,3,7,0,10
2022-12-26T20:40:28,3,7,0,10
2022-12-26T20:49:52,3,7,0,10
2022-12-26T20:59:16,3,7,0,10
2022-12-26T21:08:41,3,7,0,10
2022-12-26T21:18:06,3,7,0,10
2022-12-26T21:27:31,3,7,0,10
2022-12-26T21:36:56,3,7,0,10
2022-12-26T21:46:20,3,7,0,10
2022-12-26T21:55:44,3,7,0,10
2022-12-26T22:05:09,3,7,0,10
2022-12-26T22:14:34,3,7,0,10
2022-12-26T22:23:59,3,7,0,10
2022-12-26T22:33:36,3,7,0,10
2022-12-26T22:43:01,3,7,0,10
2022-12-26T22:52:25,3,7,0,10
2022-12-26T23:01:49,3,7,0,10
2022-12-26T23:11:14,3,7,0,10
2022-12-26T23:20:39,3,7,0,10
2022-12-26T23:30:04,3,7,0,10
2022-12-26T23:39:28,3,7,0,10
2022-12-26T23:48:52,3,7,0,10
2022-12-26T23:58:17,3,7,0,10
2022-12-27T00:07:42,3,7,0,10
2022-12-27T00:17:09,3,7,0,10
2022-12-27T00:26:34,3,7,0,10
2022-12-27T00:35:59,3,7,0,10
2022-12-27T00:45:26,3,7,0,10
2022-12-27T00:54:54,3,7,0,10
2022-12-27T01:04:21,3,7,0,10
2022-12-27T01:13:48,3,7,0,10
2022-12-27T01:23:14,3,7,0,10
2022-12-27T01:32:44,3,7,0,10
2022-12-27T01:42:08,3,7,0,10
2022-12-27T01:51:33,3,7,0,10
2022-12-27T02:01:00,3,7,0,10
2022-12-27T02:10:27,3,7,0,10
2022-12-27T02:19:53,3,7,0,10
2022-12-27T02:29:19,3,7,0,10
2022-12-27T02:38:44,3,7,0,10
2022-12-27T02:48:09,3,7,0,10
2022-12-27T02:57:35,3,7,0,10
2022-12-27T03:07:01,3,7,0,10
2022-12-27T03:16:27,3,7,0,10
2022-12-27T03:25:53,3,7,0,10
2022-12-27T03:35:20,3,7,0,10
2022-12-27T03:44:48,3,7,0,10
2022-12-27T03:54:15,3,7,0,10
2022-12-27T04:03:42,3,7,0,10
2022-12-27T04:21:01,3,7,0,10
2022-12-27T04:30:29,3,7,0,10
2022-12-27T04:39:57,3,7,0,10
2022-12-27T04:50:55,3,7,0,10
2022-12-27T05:00:21,3,7,0,10
2022-12-27T05:09:46,3,7,0,10
2022-12-27T05:19:12,3,7,0,10
2022-12-27T05:28:36,3,7,0,10
2022-12-27T05:38:01,3,7,0,10
2022-12-27T05:47:26,3,7,0,10
2022-12-27T05:56:53,3,7,0,10
2022-12-27T06:06:22,3,7,0,10
2022-12-27T06:15:50,3,7,0,10
2022-12-27T06:25:18,3,7,0,10
2022-12-27T06:34:44,3,7,0,10
2022-12-27T06:44:09,3,7,0,10
2022-12-27T06:53:35,3,7,0,10
2022-12-27T07:03:01,3,7,0,10
2022-12-27T07:12:28,3,7,0,10
2022-12-27T07:21:55,3,7,0,10
2022-12-27T07:31:22,3,7,0,10
2022-12-27T07:40:50,3,7,0,10
2022-12-27T07:50:16,3,7,0,10
2022-12-27T07:59:43,3,7,0,10
2022-12-27T08:09:10,3,7,0,10
2022-12-27T08:18:37,3,7,0,10
2022-12-27T08:28:04,3,7,0,10
2022-12-27T08:37:30,3,7,0,10
2022-12-27T08:46:57,3,7,0,10
2022-12-27T08:56:24,3,7,0,10
2022-12-27T09:05:54,3,7,0,10
2022-12-27T09:15:22,3,7,0,10
2022-12-27T09:24:48,3,7,0,10
2022-12-27T09:34:14,3,7,0,10
2022-12-27T09:43:40,3,7,0,10
2022-12-27T09:53:15,3,7,0,10
2022-12-27T10:02:42,3,7,0,10
2022-12-27T10:12:08,3,7,0,10
2022-12-27T10:21:37,3,7,0,10
2022-12-27T10:31:04,3,7,0,10
2022-12-27T10:40:34,3,7,0,10
2022-12-27T10:50:07,3,7,0,10
2022-12-27T10:59:35,3,7,0,10
2022-12-27T11:09:02,3,7,0,10
2022-12-27T11:18:27,3,7,0,10
2022-12-27T11:27:54,3,7,0,10
2022-12-27T11:37:20,3,7,0,10
2022-12-27T11:46:47,3,7,0,10
2022-12-27T11:56:14,3,7,0,10
2022-12-27T12:05:50,3,7,0,10
2022-12-27T12:15:16,3,7,0,10
2022-12-27T12:24:43,3,7,0,10
2022-12-27T12:34:09,3,7,0,10
2022-12-27T12:43:36,3,7,0,10
2022-12-27T12:53:04,3,7,0,10
2022-12-27T13:02:31,3,7,0,10
2022-12-27T13:11:58,3,7,0,10
2022-12-27T13:21:24,3,7,0,10
2022-12-27T13:30:51,3,7,0,10
2022-12-27T13:40:17,3,7,0,10
2022-12-27T13:49:44,3,7,0,10
2022-12-27T13:59:10,3,7,0,10
2022-12-27T14:08:36,3,7,0,10
2022-12-27T14:18:03,3,7,0,10
2022-12-27T14:27:29,3,7,0,10
2022-12-27T14:36:56,3,7,0,10
2022-12-27T14:46:22,3,7,0,10
2022-12-27T14:55:58,3,7,0,10
2022-12-27T15:05:25,3,7,0,10
2022-12-27T15:14:52,3,7,0,10
2022-12-27T15:24:19,3,7,0,10
2022-12-27T15:33:46,3,7,0,10
2022-12-27T15:43:12,3,7,0,10
2022-12-27T15:52:38,3,7,0,10
2022-12-27T16:02:06,3,7,0,10
2022-12-27T16:11:32,3,7,0,10
2022-12-27T16:20:58,3,7,0,10
2022-12-27T16:30:25,3,7,0,10
2022-12-27T16:39:52,3,7,0,10
2022-12-27T16:49:18,3,7,0,10
2022-12-27T16:58:44,3,7,0,10
2022-12-27T17:08:11,3,7,0,10
2022-12-27T17:17:40,3,7,0,10
2022-12-27T17:27:18,3,7,0,10
2022-12-27T17:36:45,3,7,0,10
2022-12-27T17:46:11,3,7,0,10
2022-12-27T17:55:37,3,7,0,10
2022-12-27T18:05:04,3,7,0,10
2022-12-27T18:14:30,3,7,0,10
2022-12-27T18:23:56,3,7,0,10
2022-12-27T18:33:23,3,7,0,10
2022-12-27T18:42:49,3,7,0,10
2022-12-27T18:52:15,3,7,0,10
2022-12-27T19:01:42,3,7,0,10
2022-12-27T19:11:09,3,7,0,10
2022-12-27T19:20:35,3,7,0,10
2022-12-27T19:30:01,3,7,0,10
2022-12-27T19:39:27,3,7,0,10
2022-12-27T19:48:53,3,7,0,10
2022-12-27T19:58:20,3,7,0,10
2022-12-27T20:07:48,3,7,0,10
2022-12-27T20:17:25,3,7,0,10
2022-12-27T20:26:52,3,7,0,10
2022-12-27T20:36:18,3,7,0,10
2022-12-27T20:45:44,3,7,0,10
2022-12-27T20:55:10,3,7,0,10
2022-12-27T21:04:37,3,7,0,10
2022-12-27T21:14:03,3,7,0,10
2022-12-27T21:23:28,3,7,0,10
2022-12-27T21:32:54,3,7,0,10
2022-12-27T21:42:21,3,7,0,10
2022-12-27T21:51:47,3,7,0,10
2022-12-27T22:01:13,3,7,0,10
2022-12-27T22:10:41,3,7,0,10
2022-12-27T22:20:07,3,7,0,10
2022-12-27T22:29:34,3,7,0,10
2022-12-27T22:39:00,3,7,0,10
2022-12-27T22:48:26,3,7,0,10
2022-12-27T22:57:53,3,7,0,10
2022-12-27T23:07:20,3,7,0,10
2022-12-27T23:16:44,3,7,0,10
2022-12-27T23:26:09,3,7,0,10
2022-12-27T23:35:34,3,7,0,10
2022-12-27T23:44:58,3,7,0,10
2022-12-27T23:54:22,3,7,0,10
2022-12-28T00:03:59,3,7,0,10
2022-12-28T00:13:25,3,7,0,10
2022-12-28T00:22:54,3,7,0,10
2022-12-28T00:32:21,3,7,0,10
2022-12-28T00:41:48,3,7,0,10
2022-12-28T00:51:17,3,7,0,10
2022-12-28T01:00:46,3,7,0,10
2022-12-28T01:10:15,3,7,0,10
2022-12-28T01:19:43,3,7,0,10
2022-12-28T01:29:10,3,7,0,10
2022-12-28T01:38:38,3,7,0,10
2022-12-28T01:48:04,3,7,0,10
2022-12-28T01:57:31,3,7,0,10
2022-12-28T02:06:58,3,7,0,10
2022-12-28T02:16:25,3,7,0,10
2022-12-28T02:25:51,3,7,0,10
2022-12-28T02:35:17,3,7,0,10
2022-12-28T02:44:43,3,7,0,10
2022-12-28T02:54:09,3,7,0,10
2022-12-28T03:03:34,3,7,0,10
2022-12-28T03:13:00,3,7,0,10
2022-12-28T03:22:27,3,7,0,10
2022-12-28T03:31:53,3,7,0,10
2022-12-28T03:41:21,3,7,0,10
2022-12-28T03:50:48,3,7,0,10
2022-12-28T04:00:17,3,7,0,10
2022-12-28T04:22:41,3,7,0,10
2022-12-28T04:33:38,3,7,0,10
2022-12-28T04:43:06,3,7,0,10
2022-12-28T04:52:33,3,7,0,10
2022-12-28T05:01:58,3,7,0,10
2022-12-28T05:11:22,3,7,0,10
2022-12-28T05:20:46,3,7,0,10
2022-12-28T05:30:10,3,7,0,10
2022-12-28T05:39:34,3,7,0,10
2022-12-28T05:48:59,3,7,0,10
2022-12-28T05:58:27,3,7,0,10
2022-12-28T06:07:57,3,7,0,10
2022-12-28T06:17:25,3,7,0,10
2022-12-28T06:26:54,3,7,0,10
2022-12-28T06:36:20,3,7,0,10
2022-12-28T06:45:46,3,7,0,10
2022-12-28T06:55:12,3,7,0,10
2022-12-28T07:04:38,3,7,0,10
2022-12-28T07:14:05,3,7,0,10
2022-12-28T07:23:32,3,7,0,10
2022-12-28T07:32:59,3,7,0,10
2022-12-28T07:42:27,3,7,0,10
2022-12-28T07:51:54,3,7,0,10
2022-12-28T08:01:21,3,7,0,10
2022-12-28T08:10:48,3,7,0,10
2022-12-28T08:20:15,3,7,0,10
2022-12-28T08:29:42,3,7,0,10
2022-12-28T08:39:09,3,7,0,10
2022-12-28T08:48:35,3,7,0,10
2022-12-28T08:58:02,3,7,0,10
2022-12-28T09:07:29,3,7,0,10
2022-12-28T09:16:58,3,7,0,10
2022-12-28T09:26:24,3,7,0,10
2022-12-28T09:35:51,3,7,0,10
2022-12-28T09:45:17,3,7,0,10
2022-12-28T09:54:43,3,7,0,10
2022-12-28T10:04:09,3,7,0,10
2022-12-28T10:13:36,3,7,0,10
2022-12-28T10:23:01,3,7,0,10
2022-12-28T10:32:28,3,7,0,10
2022-12-28T10:41:54,3,7,0,10
2022-12-28T10:51:30,3,7,0,10
2022-12-28T11:00:56,3,7,0,10
2022-12-28T11:10:23,3,7,0,10
2022-12-28T11:19:49,3,7,0,10
2022-12-28T11:29:15,3,7,0,10
2022-12-28T11:38:41,3,7,0,10
2022-12-28T11:48:07,3,7,0,10
2022-12-28T11:57:33,3,7,0,10
2022-12-28T12:07:00,3,7,0,10
2022-12-28T12:16:26,3,7,0,10
2022-12-28T12:25:52,3,7,0,10
2022-12-28T12:35:19,3,7,0,10
2022-12-28T12:44:45,3,7,0,10
2022-12-28T12:54:12,3,7,0,10
2022-12-28T13:03:38,3,7,0,10
2022-12-28T13:13:05,3,7,0,10
2022-12-28T13:22:32,3,7,0,10
2022-12-28T13:32:10,3,7,0,10
2022-12-28T13:41:36,3,7,0,10
2022-12-28T13:51:02,3,7,0,10
2022-12-28T14:00:29,3,7,0,10
2022-12-28T14:09:56,3,7,0,10
2022-12-28T14:19:22,3,7,0,10
2022-12-28T14:28:49,3,7,0,10
2022-12-28T14:38:15,3,7,0,10
2022-12-28T14:47:41,3,7,0,10
2022-12-28T14:57:08,3,7,0,10
2022-12-28T15:06:34,3,7,0,10
2022-12-28T15:16:01,3,7,0,10
2022-12-28T15:25:27,3,7,0,10
2022-12-28T15:34:54,3,7,0,10
2022-12-28T15:44:21,3,7,0,10
2022-12-28T15:53:48,3,7,0,10
2022-12-28T16:03:14,3,7,0,10
2022-12-28T16:12:41,3,7,0,10
2022-12-28T16:22:08,3,7,0,10
2022-12-28T16:31:44,3,7,0,10
2022-12-28T16:41:11,3,7,0,10
2022-12-28T16:50:37,3,7,0,10
2022-12-28T17:00:04,3,7,0,10
2022-12-28T17:09:31,3,7,0,10
2022-12-28T17:18:58,3,7,0,10
2022-12-28T17:28:24,3,7,0,10
2022-12-28T17:37:50,3,7,0,10
2022-12-28T17:47:16,3,7,0,10
2022-12-28T17:56:43,3,7,0,10
2022-12-28T18:06:09,3,7,0,10
2022-12-28T18:15:35,3,7,0,10
2022-12-28T18:25:02,3,7,0,10
2022-12-28T18:34:29,3,7,0,10
2022-12-28T18:43:55,3,7,0,10
2022-12-28T18:53:20,3,7,0,10
2022-12-28T19:02:45,3,7,0,10
2022-12-28T19:12:10,3,7,0,10
2022-12-28T19:21:35,3,7,0,10
2022-12-28T19:31:00,3,7,0,10
2022-12-28T19:40:37,3,7,0,10
2022-12-28T19:50:02,3,7,0,10
2022-12-28T19:59:28,3,7,0,10
2022-12-28T20:08:53,3,7,0,10
2022-12-28T20:18:18,3,7,0,10
2022-12-28T20:27:42,3,7,0,10
2022-12-28T20:37:07,3,7,0,10
2022-12-28T20:46:31,3,7,0,10
2022-12-28T20:55:56,3,7,0,10
2022-12-28T21:05:20,3,7,0,10
2022-12-28T21:14:44,3,7,0,10
2022-12-28T21:24:09,3,7,0,10
2022-12-28T21:33:33,3,7,0,10
2022-12-28T21:42:58,3,7,0,10
2022-12-28T21:52:22,3,7,0,10
2022-12-28T22:01:47,3,7,0,10
2022-12-28T22:11:12,3,7,0,10
2022-12-28T22:20:37,3,7,0,10
2022-12-28T22:30:01,3,7,0,10
2022-12-28T22:39:26,3,7,0,10
2022-12-28T22:48:50,3,7,0,10
2022-12-28T22:58:14,3,7,0,10
2022-12-28T23:07:40,3,7,0,10
2022-12-28T23:17:15,3,7,0,10
2022-12-28T23:26:40,3,7,0,10
2022-12-28T23:36:05,3,7,0,10
2022-12-28T23:45:32,3,7,0,10
2022-12-28T23:54:56,3,7,0,10
2022-12-29T00:04:21,3,7,0,10
2022-12-29T00:13:48,3,7,0,10
2022-12-29T00:23:14,3,7,0,10
2022-12-29T00:32:41,3,7,0,10
2022-12-29T00:42:09,3,7,0,10
2022-12-29T00:51:36,3,7,0,10
2022-12-29T01:01:04,3,7,0,10
2022-12-29T01:10:30,3,7,0,10
2022-12-29T01:19:57,3,7,0,10
2022-12-29T01:29:26,3,7,0,10
2022-12-29T01:38:53,3,7,0,10
2022-12-29T01:48:20,3,7,0,10
2022-12-29T01:57:47,3,7,0,10
2022-12-29T02:07:15,3,7,0,10
2022-12-29T02:16:42,3,7,0,10
2022-12-29T02:26:09,3,7,0,10
2022-12-29T02:35:36,3,7,0,10
2022-12-29T02:45:03,3,7,0,10
2022-12-29T02:54:28,3,7,0,10
2022-12-29T03:03:54,3,7,0,10
2022-12-29T03:13:19,3,7,0,10
2022-12-29T03:22:45,3,7,0,10
2022-12-29T03:32:12,3,7,0,10
2022-12-29T03:41:39,3,7,0,10
2022-12-29T03:51:07,3,7,0,10
2022-12-29T04:00:34,3,7,0,10
2022-12-29T04:10:02,3,7,0,10
2022-12-29T04:36:21,3,7,0,10
2022-12-29T04:45:50,3,7,0,10
2022-12-29T04:55:18,3,7,0,10
2022-12-29T05:04:45,3,7,0,10
2022-12-29T05:14:10,3,7,0,10
2022-12-29T05:23:34,3,7,0,10
2022-12-29T05:32:57,3,7,0,10
2022-12-29T05:42:21,3,7,0,10
2022-12-29T05:51:47,3,7,0,10
2022-12-29T06:01:15,3,7,0,10
2022-12-29T06:10:43,3,7,0,10
2022-12-29T06:20:11,3,7,0,10
2022-12-29T06:29:38,3,7,0,10
2022-12-29T06:39:04,3,7,0,10
2022-12-29T06:48:29,3,7,0,10
2022-12-29T06:57:55,3,7,0,10
2022-12-29T07:07:22,3,7,0,10
2022-12-29T07:16:48,3,7,0,10
2022-12-29T07:26:15,3,7,0,10
2022-12-29T07:35:42,3,7,0,10
2022-12-29T07:45:10,3,7,0,10
2022-12-29T07:54:36,3,7,0,10
2022-12-29T08:04:03,3,7,0,10
2022-12-29T08:13:30,3,7,0,10
2022-12-29T08:22:57,3,7,0,10
2022-12-29T08:32:26,3,7,0,10
2022-12-29T08:41:52,3,7,0,10
2022-12-29T08:51:19,3,7,0,10
2022-12-29T09:00:45,3,7,0,10
2022-12-29T09:10:14,3,7,0,10
2022-12-29T09:19:40,3,7,0,10
2022-12-29T09:29:07,3,7,0,10
2022-12-29T09:38:34,3,7,0,10
2022-12-29T09:48:01,3,7,0,10
2022-12-29T09:57:27,3,7,0,10
2022-12-29T10:06:53,3,7,0,10
2022-12-29T10:16:20,3,7,0,10
2022-12-29T10:25:45,3,7,0,10
2022-12-29T10:35:11,3,7,0,10
2022-12-29T10:44:37,3,7,0,10
2022-12-29T10:54:04,3,7,0,10
2022-12-29T11:03:30,3,7,0,10
2022-12-29T11:12:58,3,7,0,10
2022-12-29T11:22:24,3,7,0,10
2022-12-29T11:31:50,3,7,0,10
2022-12-29T11:41:16,3,7,0,10
2022-12-29T11:50:55,3,7,0,10
2022-12-29T12:00:21,3,7,0,10
2022-12-29T12:09:47,3,7,0,10
2022-12-29T12:19:13,3,7,0,10
2022-12-29T12:28:39,3,7,0,10
2022-12-29T12:38:05,3,7,0,10
2022-12-29T12:47:31,3,7,0,10
2022-12-29T12:56:57,3,7,0,10
2022-12-29T13:06:24,3,7,0,10
2022-12-29T13:15:49,3,7,0,10
2022-12-29T13:25:15,3,7,0,10
2022-12-29T13:34:42,3,7,0,10
2022-12-29T13:44:07,3,7,0,10
2022-12-29T13:53:33,3,7,0,10
2022-12-29T14:03:00,3,7,0,10
2022-12-29T14:12:26,3,7,0,10
2022-12-29T14:21:52,3,7,0,10
2022-12-29T14:31:18,3,7,0,10
2022-12-29T14:40:54,3,7,0,10
2022-12-29T14:50:20,3,7,0,10
2022-12-29T14:59:45,3,7,0,10
2022-12-29T15:09:11,3,7,0,10
2022-12-29T15:18:37,3,7,0,10
2022-12-29T15:28:03,3,7,0,10
2022-12-29T15:37:29,3,7,0,10
2022-12-29T15:46:55,3,7,0,10
2022-12-29T15:56:22,3,7,0,10
2022-12-29T16:05:47,3,7,0,10
2022-12-29T16:15:13,3,7,0,10
2022-12-29T16:24:40,3,7,0,10
2022-12-29T16:34:06,3,7,0,10
2022-12-29T16:43:32,3,7,0,10
2022-12-29T16:52:58,3,7,0,10
2022-12-29T17:02:25,3,7,0,10
2022-12-29T17:11:52,3,7,0,10
2022-12-29T17:21:19,3,7,0,10
2022-12-29T17:30:45,3,7,0,10
2022-12-29T17:40:11,3,7,0,10
2022-12-29T17:49:37,3,7,0,10
2022-12-29T17:59:02,3,7,0,10
2022-12-29T18:08:27,3,7,0,10
2022-12-29T18:17:51,3,7,0,10
2022-12-29T18:27:27,3,7,0,10
2022-12-29T18:36:51,3,7,0,10
2022-12-29T18:46:16,3,7,0,10
2022-12-29T18:55:40,3,7,0,10
2022-12-29T19:05:05,3,7,0,10
2022-12-29T19:14:30,3,7,0,10
2022-12-29T19:23:55,3,7,0,10
2022-12-29T19:33:22,3,7,0,10
2022-12-29T19:42:54,3,7,0,10
2022-12-29T19:52:26,3,7,0,10
2022-12-29T20:02:07,3,7,0,10
2022-12-29T20:11:46,3,7,0,10
2022-12-29T20:21:23,3,7,0,10
2022-12-29T20:31:03,3,7,0,10
2022-12-29T20:40:51,3,7,0,10
2022-12-29T20:50:30,3,7,0,10
2022-12-29T21:00:19,3,7,0,10
2022-12-29T21:09:59,3,7,0,10
2022-12-29T21:19:31,3,7,0,10
2022-12-29T21:29:05,3,7,0,10
2022-12-29T21:38:41,3,7,0,10
2022-12-29T21:48:15,3,7,0,10
2022-12-29T21:57:49,3,7,0,10
2022-12-29T22:07:24,3,7,0,10
2022-12-29T22:16:59,3,7,0,10
2022-12-29T22:26:33,3,7,0,10
2022-12-29T22:36:08,3,7,0,10
2022-12-29T22:45:41,3,7,0,10
2022-12-29T22:55:15,3,7,0,10
2022-12-29T23:04:46,3,7,0,10
2022-12-29T23:14:16,3,7,0,10
2022-12-29T23:23:47,3,7,0,10
2022-12-29T23:33:11,3,7,0,10
2022-12-29T23:42:47,3,7,0,10
2022-12-29T23:52:12,3,7,0,10
2022-12-30T00:01:36,3,7,0,10
2022-12-30T00:11:02,3,7,0,10
2022-12-30T00:20:29,3,7,0,10
2022-12-30T00:29:55,3,7,0,10
2022-12-30T00:39:23,3,7,0,10
2022-12-30T00:48:52,3,7,0,10
2022-12-30T00:58:20,3,7,0,10
2022-12-30T01:07:47,3,7,0,10
2022-12-30T01:17:15,3,7,0,10
2022-12-30T01:26:43,3,7,0,10
2022-12-30T01:36:11,3,7,0,10
2022-12-30T01:45:38,3,7,0,10
2022-12-30T01:55:04,3,7,0,10
2022-12-30T02:04:29,3,7,0,10
2022-12-30T02:13:54,3,7,0,10
2022-12-30T02:23:17,3,7,0,10
2022-12-30T02:32:41,3,7,0,10
2022-12-30T02:42:06,3,7,0,10
2022-12-30T02:51:30,3,7,0,10
2022-12-30T03:00:55,3,7,0,10
2022-12-30T03:10:22,3,7,0,10
2022-12-30T03:19:49,3,7,0,10
2022-12-30T03:29:18,3,7,0,10
2022-12-30T03:38:46,3,7,0,10
2022-12-30T03:48:13,3,7,0,10
2022-12-30T03:57:43,3,7,0,10
2022-12-30T04:07:11,3,7,0,10
2022-12-30T04:16:38,3,7,0,10
2022-12-30T04:34:59,3,7,0,10
2022-12-30T04:44:33,3,7,0,10
2022-12-30T04:54:02,3,7,0,10
2022-12-30T05:03:29,3,7,0,10
2022-12-30T05:12:57,3,7,0,10
2022-12-30T05:22:24,3,7,0,10
2022-12-30T05:31:52,3,7,0,10
2022-12-30T05:41:20,3,7,0,10
2022-12-30T05:50:48,3,7,0,10
2022-12-30T06:00:18,3,7,0,10
2022-12-30T06:09:48,3,7,0,10
2022-12-30T06:19:19,3,7,0,10
2022-12-30T06:28:47,3,7,0,10
2022-12-30T06:38:15,3,7,0,10
2022-12-30T06:47:43,3,7,0,10
2022-12-30T06:57:12,3,7,0,10
2022-12-30T07:06:45,3,7,0,10
2022-12-30T07:16:15,3,7,0,10
2022-12-30T07:25:44,3,7,0,10
2022-12-30T07:35:14,3,7,0,10
2022-12-30T07:44:44,3,7,0,10
2022-12-30T07:54:12,3,7,0,10
2022-12-30T08:03:38,3,7,0,10
2022-12-30T08:13:05,3,7,0,10
2022-12-30T08:22:32,3,7,0,10
2022-12-30T08:31:59,3,7,0,10
2022-12-30T08:41:25,3,7,0,10
2022-12-30T08:50:52,3,7,0,10
2022-12-30T09:00:18,3,7,0,10
2022-12-30T09:09:44,3,7,0,10
2022-12-30T09:19:10,3,7,0,10
2022-12-30T09:28:37,3,7,0,10
2022-12-30T09:38:03,3,7,0,10
2022-12-30T09:47:29,3,7,0,10
2022-12-30T09:56:56,3,7,0,10
2022-12-30T10:06:22,3,7,0,10
2022-12-30T10:15:49,3,7,0,10
2022-12-30T10:25:15,3,7,0,10
2022-12-30T10:34:41,3,7,0,10
2022-12-30T10:44:07,3,7,0,10
2022-12-30T10:53:34,3,7,0,10
2022-12-30T11:03:00,3,7,0,10
2022-12-30T11:12:26,3,7,0,10
2022-12-30T11:22:02,3,7,0,10
2022-12-30T11:31:29,3,7,0,10
2022-12-30T11:40:55,3,7,0,10
2022-12-30T11:50:21,3,7,0,10
2022-12-30T11:59:47,3,7,0,10
2022-12-30T12:09:13,3,7,0,10
2022-12-30T12:18:40,3,7,0,10
2022-12-30T12:28:06,3,7,0,10
2022-12-30T12:37:33,3,7,0,10
2022-12-30T12:46:59,3,7,0,10
2022-12-30T12:56:26,3,7,0,10
2022-12-30T13:05:52,3,7,0,10
2022-12-30T13:15:18,3,7,0,10
2022-12-30T13:24:44,3,7,0,10
2022-12-30T13:34:11,3,7,0,10
2022-12-30T13:43:37,3,7,0,10
2022-12-30T13:53:04,3,7,0,10
2022-12-30T14:02:32,3,7,0,10
2022-12-30T14:11:59,3,7,0,10
2022-12-30T14:21:24,3,7,0,10
2022-12-30T14:30:50,3,7,0,10
2022-12-30T14:40:16,3,7,0,10
2022-12-30T14:50:51,3,7,0,10
2022-12-30T15:00:17,3,7,0,10
2022-12-30T15:29:44,3,7,0,10
2022-12-30T15:39:12,3,7,0,10
2022-12-30T15:48:39,3,7,0,10
2022-12-30T15:58:05,3,7,0,10
2022-12-30T16:07:32,3,7,0,10
2022-12-30T16:16:59,3,7,0,10
2022-12-30T16:26:26,3,7,0,10
2022-12-30T16:35:53,3,7,0,10
2022-12-30T16:45:20,3,7,0,10
2022-12-30T16:54:46,3,7,0,10
2022-12-30T17:04:13,3,7,0,10
2022-12-30T17:13:40,3,7,0,10
2022-12-30T17:23:07,3,7,0,10
2022-12-30T17:32:44,3,7,0,10
2022-12-30T17:42:09,3,7,0,10
2022-12-30T17:51:37,3,7,0,10
2022-12-30T18:01:03,3,7,0,10
2022-12-30T18:10:28,3,7,0,10
2022-12-30T18:19:54,3,7,0,10
2022-12-30T18:29:20,3,7,0,10
2022-12-30T18:38:46,3,7,0,10
2022-12-30T18:48:12,3,7,0,10
2022-12-30T18:57:38,3,7,0,10
2022-12-30T19:07:04,3,7,0,10
2022-12-30T19:16:29,3,7,0,10
2022-12-30T19:25:54,3,7,0,10
2022-12-30T19:35:19,3,7,0,10
2022-12-30T19:44:44,3,7,0,10
2022-12-30T19:54:10,3,7,0,10
2022-12-30T20:03:34,3,7,0,10
2022-12-30T20:12:59,3,7,0,10
2022-12-30T20:22:24,3,7,0,10
2022-12-30T20:32:01,3,7,0,10
2022-12-30T20:41:26,3,7,0,10
2022-12-30T20:50:50,3,7,0,10
2022-12-30T21:00:16,3,7,0,10
2022-12-30T21:09:41,3,7,0,10
2022-12-30T21:19:06,3,7,0,10
2022-12-30T21:28:31,3,7,0,10
2022-12-30T21:37:55,3,7,0,10
2022-12-30T21:47:20,3,7,0,10
2022-12-30T21:56:45,3,7,0,10
2022-12-30T22:06:10,3,7,0,10
2022-12-30T22:15:35,3,7,0,10
2022-12-30T22:25:00,3,7,0,10
2022-12-30T22:34:25,3,7,0,10
2022-12-30T22:43:51,3,7,0,10
2022-12-30T22:53:15,3,7,0,10
2022-12-30T23:02:41,3,7,0,10
2022-12-30T23:12:08,3,7,0,10
2022-12-30T23:21:33,3,7,0,10
2022-12-30T23:30:58,3,7,0,10
2022-12-30T23:40:23,3,7,0,10
2022-12-30T23:49:48,3,7,0,10
2022-12-30T23:59:13,3,7,0,10
2022-12-31T00:08:38,3,7,0,10
2022-12-31T00:18:07,3,7,0,10
2022-12-31T00:27:34,3,7,0,10
2022-12-31T00:37:10,3,7,0,10
2022-12-31T00:46:35,3,7,0,10
2022-12-31T00:56:00,3,7,0,10
2022-12-31T01:05:25,3,7,0,10
2022-12-31T01:14:50,3,7,0,10
2022-12-31T01:24:15,3,7,0,10
2022-12-31T01:33:40,3,7,0,10
2022-12-31T01:43:05,3,7,0,10
2022-12-31T01:52:30,3,7,0,10
2022-12-31T02:01:57,3,7,0,10
2022-12-31T02:11:21,3,7,0,10
2022-12-31T02:20:50,3,7,0,10
2022-12-31T02:30:20,3,7,0,10
2022-12-31T02:39:49,3,7,0,10
2022-12-31T02:49:23,3,7,0,10
2022-12-31T02:58:53,3,7,0,10
2022-12-31T03:08:23,3,7,0,10
2022-12-31T03:17:53,3,7,0,10
2022-12-31T03:27:21,3,7,0,10
2022-12-31T03:36:50,3,7,0,10
2022-12-31T03:46:18,3,7,0,10
2022-12-31T03:55:47,3,7,0,10
2022-12-31T04:05:15,3,7,0,10
2022-12-31T04:22:52,3,7,0,10
2022-12-31T04:32:21,3,7,0,10
2022-12-31T04:41:51,3,7,0,10
2022-12-31T04:51:20,3,7,0,10
2022-12-31T05:00:49,3,7,0,10
2022-12-31T05:10:17,3,7,0,10
2022-12-31T05:19:46,3,7,0,10
2022-12-31T05:29:14,3,7,0,10
2022-12-31T05:38:42,3,7,0,10
2022-12-31T05:48:12,3,7,0,10
2022-12-31T05:57:41,3,7,0,10
2022-12-31T06:07:11,3,7,0,10
2022-12-31T06:16:39,3,7,0,10
2022-12-31T06:26:09,3,7,0,10
2022-12-31T06:35:37,3,7,0,10
2022-12-31T06:45:04,3,7,0,10
2022-12-31T06:54:31,3,7,0,10
2022-12-31T07:03:57,3,7,0,10
2022-12-31T07:13:26,3,7,0,10
2022-12-31T07:22:52,3,7,0,10
2022-12-31T07:32:20,3,7,0,10
2022-12-31T07:41:47,3,7,0,10
2022-12-31T07:51:15,3,7,0,10
2022-12-31T08:00:43,3,7,0,10
2022-12-31T08:10:10,3,7,0,10
2022-12-31T08:19:37,3,7,0,10
2022-12-31T08:29:06,3,7,0,10
2022-12-31T08:38:34,3,7,0,10
2022-12-31T08:48:02,3,7,0,10
2022-12-31T08:57:31,3,7,0,10
2022-12-31T09:07:01,3,7,0,10
2022-12-31T09:16:46,3,7,0,10
2022-12-31T09:26:16,3,7,0,10
2022-12-31T09:35:46,3,7,0,10
2022-12-31T09:45:16,3,7,0,10
2022-12-31T09:54:46,3,7,0,10
2022-12-31T10:04:16,3,7,0,10
2022-12-31T10:13:44,3,7,0,10
2022-12-31T10:23:12,3,7,0,10
2022-12-31T10:32:41,3,7,0,10
2022-12-31T10:42:08,3,7,0,10
2022-12-31T10:51:36,3,7,0,10
2022-12-31T11:01:04,3,7,0,10
2022-12-31T11:10:32,3,7,0,10
2022-12-31T11:19:59,3,7,0,10
2022-12-31T11:29:26,3,7,0,10
2022-12-31T11:38:53,3,7,0,10
2022-12-31T11:48:21,3,7,0,10
2022-12-31T11:57:48,3,7,0,10
2022-12-31T12:07:15,3,7,0,10
2022-12-31T12:16:42,3,7,0,10
2022-12-31T12:26:09,3,7,0,10
2022-12-31T12:35:36,3,7,0,10
2022-12-31T12:45:13,3,7,0,10
2022-12-31T12:54:40,3,7,0,10
2022-12-31T13:04:08,3,7,0,10
2022-12-31T13:13:35,3,7,0,10
2022-12-31T13:23:03,3,7,0,10
2022-12-31T13:32:30,3,7,0,10
2022-12-31T13:41:57,3,7,0,10
2022-12-31T13:51:24,3,7,0,10
2022-12-31T14:00:51,3,7,0,10
2022-12-31T14:10:18,3,7,0,10
2022-12-31T14:19:45,3,7,0,10
2022-12-31T14:29:12,3,7,0,10
2022-12-31T14:38:40,3,7,0,10
2022-12-31T14:48:06,3,7,0,10
2022-12-31T14:57:33,3,7,0,10
2022-12-31T15:07:20,3,7,0,10
2022-12-31T15:16:46,3,7,0,10
2022-12-31T15:26:13,3,7,0,10
2022-12-31T15:35:40,3,7,0,10
2022-12-31T15:45:07,3,7,0,10
2022-12-31T15:54:33,3,7,0,10
2022-12-31T16:04:00,3,7,0,10
2022-12-31T16:13:27,3,7,0,10
2022-12-31T16:22:54,3,7,0,10
2022-12-31T16:32:22,3,7,0,10
2022-12-31T16:41:49,3,7,0,10
2022-12-31T16:51:16,3,7,0,10
2022-12-31T17:00:42,3,7,0,10
2022-12-31T17:10:10,3,7,0,10
2022-12-31T17:19:37,3,7,0,10
2022-12-31T17:29:05,3,7,0,10
2022-12-31T17:38:31,3,7,0,10
2022-12-31T17:48:07,3,7,0,10
2022-12-31T17:57:35,3,7,0,10
2022-12-31T18:07:02,3,7,0,10
2022-12-31T18:16:28,3,7,0,10
2022-12-31T18:25:56,3,7,0,10
2022-12-31T18:35:23,3,7,0,10
2022-12-31T18:44:48,3,7,0,10
2022-12-31T18:54:15,3,7,0,10
2022-12-31T19:03:41,3,7,0,10
2022-12-31T19:13:07,3,7,0,10
2022-12-31T19:22:33,3,7,0,10
2022-12-31T19:53:25,3,7,0,10
2022-12-31T20:02:51,3,7,0,10
2022-12-31T20:12:24,3,7,0,10
2022-12-31T20:21:50,3,7,0,10
2022-12-31T20:31:15,3,7,0,10
2022-12-31T20:40:40,3,7,0,10
2022-12-31T20:50:06,3,7,0,10
2022-12-31T20:59:31,3,7,0,10
2022-12-31T21:08:56,3,7,0,10
2022-12-31T21:18:21,3,7,0,10
2022-12-31T21:27:47,3,7,0,10
2022-12-31T21:37:13,3,7,0,10
2022-12-31T21:46:39,3,7,0,10
2022-12-31T21:56:06,3,7,0,10
2022-12-31T22:05:35,3,7,0,10
2022-12-31T22:15:01,3,7,0,10
2022-12-31T22:24:37,3,7,0,10
2022-12-31T22:34:06,3,7,0,10
2022-12-31T22:43:33,3,7,0,10
2022-12-31T22:52:59,3,7,0,10
2022-12-31T23:02:25,3,7,0,10
2022-12-31T23:11:51,3,7,0,10
2022-12-31T23:21:20,3,7,0,10
2022-12-31T23:30:45,3,7,0,10
2022-12-31T23:40:12,3,7,0,10
2022-12-31T23:49:37,3,7,0,10
2022-12-31T23:59:03,3,7,0,10
2023-01-01T00:08:30,3,7,0,10
2023-01-01T00:18:04,3,7,0,10
2023-01-01T00:27:36,3,7,0,10
2023-01-01T00:37:07,3,7,0,10
2023-01-01T00:46:35,3,7,0,10
2023-01-01T00:56:05,3,7,0,10
2023-01-01T01:05:33,3,7,0,10
2023-01-01T01:15:05,3,7,0,10
2023-01-01T01:24:36,3,7,0,10
2023-01-01T01:34:04,3,7,0,10
2023-01-01T01:43:47,3,7,0,10
2023-01-01T01:53:18,3,7,0,10
2023-01-01T02:02:47,3,7,0,10
2023-01-01T02:12:16,3,7,0,10
2023-01-01T02:21:45,3,7,0,10
2023-01-01T02:31:15,3,7,0,10
2023-01-01T02:40:43,3,7,0,10
2023-01-01T02:50:08,3,7,0,10
2023-01-01T02:59:34,3,7,0,10
2023-01-01T03:09:00,3,7,0,10
2023-01-01T03:18:28,3,7,0,10
2023-01-01T03:27:54,3,7,0,10
2023-01-01T03:37:23,3,7,0,10
2023-01-01T03:46:51,3,7,0,10
2023-01-01T03:56:20,3,7,0,10
2023-01-01T04:05:50,3,7,0,10
2023-01-01T04:30:57,3,7,0,10
2023-01-01T04:40:26,3,7,0,10
2023-01-01T04:51:25,3,7,0,10
2023-01-01T05:00:52,3,7,0,10
2023-01-01T05:10:19,3,7,0,10
2023-01-01T05:19:44,3,7,0,10
2023-01-01T05:29:09,3,7,0,10
2023-01-01T05:38:34,3,7,0,10
2023-01-01T05:47:59,3,7,0,10
2023-01-01T05:57:27,3,7,0,10
2023-01-01T06:06:56,3,7,0,10
2023-01-01T06:16:26,3,7,0,10
2023-01-01T06:25:55,3,7,0,10
2023-01-01T06:35:27,3,7,0,10
2023-01-01T06:44:56,3,7,0,10
2023-01-01T06:54:25,3,7,0,10
2023-01-01T07:03:54,3,7,0,10
2023-01-01T07:13:22,3,7,0,10
2023-01-01T07:22:50,3,7,0,10
2023-01-01T07:32:19,3,7,0,10
2023-01-01T07:41:50,3,7,0,10
2023-01-01T07:51:20,3,7,0,10
2023-01-01T08:00:49,3,7,0,10
2023-01-01T08:10:18,3,7,0,10
2023-01-01T08:19:46,3,7,0,10
2023-01-01T08:29:17,3,7,0,10
2023-01-01T08:38:45,3,7,0,10
2023-01-01T08:48:13,3,7,0,10
2023-01-01T08:57:40,3,7,0,10
2023-01-01T09:07:07,3,7,0,10
2023-01-01T09:16:34,3,7,0,10
2023-01-01T09:26:01,3,7,0,10
2023-01-01T09:35:28,3,7,0,10
2023-01-01T09:44:56,3,7,0,10
2023-01-01T09:54:23,3,7,0,10
2023-01-01T10:03:50,3,7,0,10
2023-01-01T10:13:17,3,7,0,10
2023-01-01T10:22:44,3,7,0,10
2023-01-01T10:32:12,3,7,0,10
2023-01-01T10:41:39,3,7,0,10
2023-01-01T10:51:06,3,7,0,10
2023-01-01T11:00:33,3,7,0,10
2023-01-01T11:10:00,3,7,0,10
2023-01-01T11:19:30,3,7,0,10
2023-01-01T11:28:57,3,7,0,10
2023-01-01T11:38:26,3,7,0,10
2023-01-01T11:47:53,3,7,0,10
2023-01-01T11:57:20,3,7,0,10
2023-01-01T12:07:05,3,7,0,10
2023-01-01T12:16:32,3,7,0,10
2023-01-01T12:25:59,3,7,0,10
2023-01-01T12:35:28,3,7,0,10
2023-01-01T12:44:57,3,7,0,10
2023-01-01T12:54:27,3,7,0,10
2023-01-01T13:03:55,3,7,0,10
2023-01-01T13:13:23,3,7,0,10
2023-01-01T13:22:51,3,7,0,10
2023-01-01T13:32:21,3,7,0,10
2023-01-01T13:41:50,3,7,0,10
2023-01-01T13:51:19,3,7,0,10
2023-01-01T14:00:48,3,7,0,10
2023-01-01T14:10:17,3,7,0,10
2023-01-01T14:19:45,3,7,0,10
2023-01-01T14:29:13,3,7,0,10
2023-01-01T14:38:43,3,7,0,10
2023-01-01T14:48:11,3,7,0,10
2023-01-01T14:57:39,3,7,0,10
2023-01-01T15:07:07,3,7,0,10
2023-01-01T15:16:34,3,7,0,10
2023-01-01T15:26:02,3,7,0,10
2023-01-01T15:35:31,3,7,0,10
2023-01-01T15:45:09,3,7,0,10
2023-01-01T15:54:36,3,7,0,10
2023-01-01T16:04:04,3,7,0,10
2023-01-01T16:13:33,3,7,0,10
2023-01-01T16:23:01,3,7,0,10
2023-01-01T16:32:29,3,7,0,10
2023-01-01T16:41:57,3,7,0,10
2023-01-01T16:51:24,3,7,0,10
2023-01-01T17:00:52,3,7,0,10
2023-01-01T17:10:20,3,7,0,10
2023-01-01T17:19:47,3,7,0,10
2023-01-01T17:29:16,3,7,0,10
2023-01-01T17:38:43,3,7,0,10
2023-01-01T17:48:12,3,7,0,10
2023-01-01T17:57:39,3,7,0,10
2023-01-01T18:07:08,3,7,0,10
2023-01-01T18:16:35,3,7,0,10
2023-01-01T18:26:02,3,7,0,10
2023-01-01T18:35:29,3,7,0,10
2023-01-01T18:44:56,3,7,0,10
2023-01-01T18:54:24,3,7,0,10
2023-01-01T19:03:54,3,7,0,10
2023-01-01T19:13:23,3,7,0,10
2023-01-01T19:23:00,3,7,0,10
2023-01-01T19:32:27,3,7,0,10
2023-01-01T19:41:55,3,7,0,10
2023-01-01T19:51:22,3,7,0,10
2023-01-01T20:00:49,3,7,0,10
2023-01-01T20:10:16,3,7,0,10
2023-01-01T20:19:45,3,7,0,10
2023-01-01T20:29:12,3,7,0,10
2023-01-01T20:38:39,3,7,0,10
2023-01-01T20:48:06,3,7,0,10
2023-01-01T20:57:34,3,7,0,10
2023-01-01T21:07:01,3,7,0,10
2023-01-01T21:16:28,3,7,0,10
2023-01-01T21:25:55,3,7,0,10
2023-01-01T21:35:41,3,7,0,10
2023-01-01T21:45:08,3,7,0,10
2023-01-01T21:54:35,3,7,0,10
2023-01-01T22:04:02,3,7,0,10
2023-01-01T22:13:30,3,7,0,10
2023-01-01T22:22:58,3,7,0,10
2023-01-01T22:32:25,3,7,0,10
2023-01-01T22:41:53,3,7,0,10
2023-01-01T22:51:20,3,7,0,10
2023-01-01T23:00:47,3,7,0,10
2023-01-01T23:10:15,3,7,0,10
2023-01-01T23:19:42,3,7,0,10
2023-01-01T23:29:09,3,7,0,10
2023-01-01T23:38:34,3,7,0,10
2023-01-01T23:48:01,3,7,0,10
2023-01-01T23:57:26,3,7,0,10
2023-01-02T00:06:53,3,7,0,10
2023-01-02T00:16:26,3,7,0,10
2023-01-02T00:26:07,3,7,0,10
2023-01-02T00:35:38,3,7,0,10
2023-01-02T00:45:11,3,7,0,10
2023-01-02T00:54:43,3,7,0,10
2023-01-02T01:04:09,3,7,0,10
2023-01-02T01:13:34,3,7,0,10
2023-01-02T01:22:59,3,7,0,10
2023-01-02T01:32:24,3,7,0,10
2023-01-02T01:42:00,3,7,0,10
2023-01-02T01:51:33,3,7,0,10
2023-01-02T02:01:05,3,7,0,10
2023-01-02T02:10:37,3,7,0,10
2023-01-02T02:20:08,3,7,0,10
2023-01-02T02:29:35,3,7,0,10
2023-01-02T02:39:03,3,7,0,10
2023-01-02T02:48:31,3,7,0,10
2023-01-02T02:57:58,3,7,0,10
2023-01-02T03:07:24,3,7,0,10
2023-01-02T03:16:50,3,7,0,10
2023-01-02T03:26:18,3,7,0,10
2023-01-02T03:35:46,3,7,0,10
2023-01-02T03:45:14,3,7,0,10
2023-01-02T03:54:43,3,7,0,10
2023-01-02T04:04:11,3,7,0,10
2023-01-02T04:20:55,3,7,0,10
2023-01-02T04:30:24,3,7,0,10
2023-01-02T04:41:35,3,7,0,10
2023-01-02T04:51:04,3,7,0,10
2023-01-02T05:00:30,3,7,0,10
2023-01-02T05:09:56,3,7,0,10
2023-01-02T05:19:22,3,7,0,10
2023-01-02T05:28:47,3,7,0,10
2023-01-02T05:38:12,3,7,0,10
2023-01-02T05:47:38,3,7,0,10
2023-01-02T05:57:08,3,7,0,10
2023-01-02T06:06:38,3,7,0,10
2023-01-02T06:16:07,3,7,0,10
2023-01-02T06:25:36,3,7,0,10
2023-01-02T06:35:04,3,7,0,10
2023-01-02T06:44:32,3,7,0,10
2023-01-02T06:53:59,3,7,0,10
2023-01-02T07:03:26,3,7,0,10
2023-01-02T07:12:54,3,7,0,10
2023-01-02T07:22:23,3,7,0,10
2023-01-02T07:31:51,3,7,0,10
2023-01-02T07:41:20,3,7,0,10
2023-01-02T07:50:49,3,7,0,10
2023-01-02T08:00:17,3,7,0,10
2023-01-02T08:09:45,3,7,0,10
2023-01-02T08:19:13,3,7,0,10
2023-01-02T08:28:41,3,7,0,10
2023-01-02T08:38:08,3,7,0,10
2023-01-02T08:47:40,3,7,0,10
2023-01-02T08:57:07,3,7,0,10
2023-01-02T09:06:34,3,7,0,10
2023-01-02T09:16:02,3,7,0,10
2023-01-02T09:25:29,3,7,0,10
2023-01-02T09:34:56,3,7,0,10
2023-01-02T09:44:24,3,7,0,10
2023-01-02T09:53:53,3,7,0,10
2023-01-02T10:03:29,3,7,0,10
2023-01-02T10:12:56,3,7,0,10
2023-01-02T10:22:23,3,7,0,10
2023-01-02T10:31:50,3,7,0,10
2023-01-02T10:41:18,3,7,0,10
2023-01-02T10:50:46,3,7,0,10
2023-01-02T11:00:13,3,7,0,10
2023-01-02T11:09:41,3,7,0,10
2023-01-02T11:19:09,3,7,0,10
2023-01-02T11:28:39,3,7,0,10
2023-01-02T11:38:07,3,7,0,10
2023-01-02T11:47:37,3,7,0,10
2023-01-02T11:57:05,3,7,0,10
2023-01-02T12:06:38,3,7,0,10
2023-01-02T12:16:07,3,7,0,10
2023-01-02T12:25:44,3,7,0,10
2023-01-02T12:35:19,3,7,0,10
2023-01-02T12:44:47,3,7,0,10
2023-01-02T12:54:16,3,7,0,10
2023-01-02T13:03:45,3,7,0,10
2023-01-02T13:13:12,3,7,0,10
2023-01-02T13:22:39,3,7,0,10
2023-01-02T13:32:07,3,7,0,10
2023-01-02T13:41:42,3,7,0,10
2023-01-02T13:51:11,3,7,0,10
2023-01-02T14:00:41,3,7,0,10
2023-01-02T14:10:14,3,7,0,10
2023-01-02T14:19:49,3,7,0,10
2023-01-02T14:29:32,3,7,0,10
2023-01-02T14:38:59,3,7,0,10
2023-01-02T14:48:26,3,7,0,10
2023-01-02T14:57:54,3,7,0,10
2023-01-02T15:07:21,3,7,0,10
2023-01-02T15:16:51,3,7,0,10
2023-01-02T15:26:25,3,7,0,10
2023-01-02T15:35:53,3,7,0,10
2023-01-02T15:45:20,3,7,0,10
2023-01-02T15:54:48,3,7,0,10
2023-01-02T16:04:25,3,7,0,10
2023-01-02T16:13:53,3,7,0,10
2023-01-02T16:23:21,3,7,0,10
2023-01-02T16:32:48,3,7,0,10
2023-01-02T16:42:16,3,7,0,10
2023-01-02T16:51:43,3,7,0,10
2023-01-02T17:01:10,3,7,0,10
2023-01-02T17:10:40,3,7,0,10
2023-01-02T17:20:10,3,7,0,10
2023-01-02T17:29:38,3,7,0,10
2023-01-02T17:39:08,3,7,0,10
2023-01-02T17:48:35,3,7,0,10
2023-01-02T17:58:02,3,7,0,10
2023-01-02T18:07:30,3,7,0,10
2023-01-02T18:16:57,3,7,0,10
2023-01-02T18:26:35,3,7,0,10
2023-01-02T18:36:03,3,7,0,10
2023-01-02T18:45:31,3,7,0,10
2023-01-02T18:54:58,3,7,0,10
2023-01-02T19:04:27,3,7,0,10
2023-01-02T19:13:54,3,7,0,10
2023-01-02T19:23:21,3,7,0,10
2023-01-02T19:32:47,3,7,0,10
2023-01-02T19:42:13,3,7,0,10
2023-01-02T19:51:38,3,7,0,10
2023-01-02T20:01:05,3,7,0,10
2023-01-02T20:10:30,3,7,0,10
2023-01-02T20:19:59,3,7,0,10
2023-01-02T20:29:29,3,7,0,10
2023-01-02T20:39:05,3,7,0,10
2023-01-02T20:48:30,3,7,0,10
2023-01-02T20:57:56,3,7,0,10
2023-01-02T21:07:22,3,7,0,10
2023-01-02T21:16:47,3,7,0,10
2023-01-02T21:26:14,3,7,0,10
2023-01-02T21:35:39,3,7,0,10
2023-01-02T21:45:04,3,7,0,10
2023-01-02T21:54:30,3,7,0,10
2023-01-02T22:03:55,3,7,0,10
2023-01-02T22:13:23,3,7,0,10
2023-01-02T22:22:50,3,7,0,10
2023-01-02T22:32:15,3,7,0,10
2023-01-02T22:41:41,3,7,0,10
2023-01-02T22:51:06,3,7,0,10
2023-01-02T23:00:32,3,7,0,10
2023-01-02T23:10:10,3,7,0,10
2023-01-02T23:19:38,3,7,0,10
2023-01-02T23:29:04,3,7,0,10
2023-01-02T23:38:30,3,7,0,10
2023-01-02T23:47:58,3,7,0,10
2023-01-02T23:57:24,3,7,0,10
2023-01-03T00:06:52,3,7,0,10
2023-01-03T00:16:22,3,7,0,10
2023-01-03T00:25:49,3,7,0,10
2023-01-03T00:35:18,3,7,0,10
2023-01-03T00:44:46,3,7,0,10
2023-01-03T00:54:13,3,7,0,10
2023-01-03T01:03:40,3,7,0,10
2023-01-03T01:13:08,3,7,0,10
2023-01-03T01:22:36,3,7,0,10
2023-01-03T01:32:14,3,7,0,10
2023-01-03T01:41:41,3,7,0,10
2023-01-03T01:51:06,3,7,0,10
2023-01-03T02:00:35,3,7,0,10
2023-01-03T02:10:02,3,7,0,10
2023-01-03T02:19:30,3,7,0,10
2023-01-03T02:28:58,3,7,0,10
2023-01-03T02:38:25,3,7,0,10
2023-01-03T02:47:51,3,7,0,10
2023-01-03T02:57:18,3,7,0,10
2023-01-03T03:06:44,3,7,0,10
2023-01-03T03:16:12,3,7,0,10
2023-01-03T03:25:39,3,7,0,10
2023-01-03T03:35:07,3,7,0,10
2023-01-03T03:44:36,3,7,0,10
2023-01-03T03:54:04,3,7,0,10
2023-01-03T04:03:32,3,7,0,10
2023-01-03T04:25:57,3,7,0,10
2023-01-03T04:35:43,3,7,0,10
2023-01-03T04:45:16,3,7,0,10
2023-01-03T04:54:45,3,7,0,10
2023-01-03T05:04:13,3,7,0,10
2023-01-03T05:13:40,3,7,0,10
2023-01-03T05:23:05,3,7,0,10
2023-01-03T05:32:31,3,7,0,10
2023-01-03T05:41:59,3,7,0,10
2023-01-03T05:51:26,3,7,0,10
2023-01-03T06:00:56,3,7,0,10
2023-01-03T06:10:25,3,7,0,10
2023-01-03T06:20:02,3,7,0,10
2023-01-03T06:29:39,3,7,0,10
2023-01-03T06:39:13,3,7,0,10
2023-01-03T06:48:47,3,7,0,10
2023-01-03T06:58:18,3,7,0,10
2023-01-03T07:07:46,3,7,0,10
2023-01-03T07:17:14,3,7,0,10
2023-01-03T07:26:42,3,7,0,10
2023-01-03T07:36:12,3,7,0,10
2023-01-03T07:45:41,3,7,0,10
2023-01-03T07:55:09,3,7,0,10
2023-01-03T08:04:56,3,7,0,10
2023-01-03T08:14:27,3,7,0,10
2023-01-03T08:23:58,3,7,0,10
2023-01-03T08:33:28,3,7,0,10
2023-01-03T08:43:00,3,7,0,10
2023-01-03T08:52:29,3,7,0,10
2023-01-03T09:01:59,3,7,0,10
2023-01-03T09:11:30,3,7,0,10
2023-01-03T09:21:00,3,7,0,10
2023-01-03T09:30:41,3,7,0,10
2023-01-03T09:40:11,3,7,0,10
2023-01-03T09:49:41,3,7,0,10
2023-01-03T09:59:15,3,7,0,10
2023-01-03T10:08:52,3,7,0,10
2023-01-03T10:18:29,3,7,0,10
2023-01-03T10:28:09,3,7,0,10
2023-01-03T10:37:48,3,7,0,10
2023-01-03T10:47:25,3,7,0,10
2023-01-03T10:57:02,3,7,0,10
2023-01-03T11:06:39,3,7,0,10
2023-01-03T11:16:16,3,7,0,10
2023-01-03T11:26:06,3,7,0,10
2023-01-03T11:35:45,3,7,0,10
2023-01-03T11:45:18,3,7,0,10
2023-01-03T11:54:51,3,7,0,10
2023-01-03T12:04:21,3,7,0,10
2023-01-03T12:13:50,3,7,0,10
2023-01-03T12:23:19,3,7,0,10
2023-01-03T12:32:48,3,7,0,10
2023-01-03T12:42:29,3,7,0,10
2023-01-03T12:51:58,3,7,0,10
2023-01-03T13:01:27,3,7,0,10
2023-01-03T13:10:55,3,7,0,10
2023-01-03T13:20:26,3,7,0,10
2023-01-03T13:30:00,3,7,0,10
2023-01-03T13:39:32,3,7,0,10
2023-01-03T13:49:00,3,7,0,10
2023-01-03T13:58:35,3,7,0,10
2023-01-03T14:08:07,3,7,0,10
2023-01-03T14:17:48,3,7,0,10
2023-01-03T14:27:18,3,7,0,10
2023-01-03T14:36:48,3,7,0,10
2023-01-03T14:46:18,3,7,0,10
2023-01-03T14:55:47,3,7,0,10
2023-01-03T15:05:18,3,7,0,10
2023-01-03T15:14:52,3,7,0,10
2023-01-03T15:24:24,3,7,0,10
2023-01-03T15:33:54,3,7,0,10
2023-01-03T15:43:23,3,7,0,10
2023-01-03T15:53:03,3,7,0,10
2023-01-03T16:02:32,3,7,0,10
2023-01-03T16:12:01,3,7,0,10
2023-01-03T16:21:31,3,7,0,10
2023-01-03T16:31:00,3,7,0,10
2023-01-03T16:40:30,3,7,0,10
2023-01-03T16:49:59,3,7,0,10
2023-01-03T16:59:28,3,7,0,10
2023-01-03T17:08:58,3,7,0,10
2023-01-03T17:18:27,3,7,0,10
2023-01-03T17:28:05,3,7,0,10
2023-01-03T17:37:35,3,7,0,10
2023-01-03T17:47:03,3,7,0,10
2023-01-03T17:56:31,3,7,0,10
2023-01-03T18:06:00,3,7,0,10
2023-01-03T18:15:27,3,7,0,10
2023-01-03T18:24:57,3,7,0,10
2023-01-03T18:34:26,3,7,0,10
2023-01-03T18:43:53,3,7,0,10
2023-01-03T18:53:21,3,7,0,10
2023-01-03T19:02:50,3,7,0,10
2023-01-03T19:12:28,3,7,0,10
2023-01-03T19:21:57,3,7,0,10
2023-01-03T19:31:25,3,7,0,10
2023-01-03T19:40:53,3,7,0,10
2023-01-03T19:50:24,3,7,0,10
2023-01-03T19:59:52,3,7,0,10
2023-01-03T20:09:21,3,7,0,10
2023-01-03T20:18:50,3,7,0,10
2023-01-03T20:28:18,3,7,0,10
2023-01-03T20:37:47,3,7,0,10
2023-01-03T20:47:14,3,7,0,10
2023-01-03T20:56:42,3,7,0,10
2023-01-03T21:06:10,3,7,0,10
2023-01-03T21:15:37,3,7,0,10
2023-01-03T21:25:18,3,7,0,10
2023-01-03T21:34:45,3,7,0,10
2023-01-03T21:44:10,3,7,0,10
2023-01-03T21:53:35,3,7,0,10
2023-01-03T22:03:01,3,7,0,10
2023-01-03T22:12:26,3,7,0,10
2023-01-03T22:21:57,3,7,0,10
2023-01-03T22:31:24,3,7,0,10
2023-01-03T22:40:51,3,7,0,10
2023-01-03T22:50:17,3,7,0,10
2023-01-03T22:59:43,3,7,0,10
2023-01-03T23:09:16,3,7,0,10
2023-01-03T23:18:46,3,7,0,10
2023-01-03T23:28:14,3,7,0,10
2023-01-03T23:37:40,3,7,0,10
2023-01-03T23:47:18,3,7,0,10
2023-01-03T23:56:43,3,7,0,10
2023-01-04T00:06:11,3,7,0,10
2023-01-04T00:15:40,3,7,0,10
2023-01-04T00:25:10,3,7,0,10
2023-01-04T00:34:39,3,7,0,10
2023-01-04T00:44:09,3,7,0,10
2023-01-04T00:53:39,3,7,0,10
2023-01-04T01:03:13,3,7,0,10
2023-01-04T01:12:46,3,7,0,10
2023-01-04T01:22:17,3,7,0,10
2023-01-04T01:31:46,3,7,0,10
2023-01-04T01:41:14,3,7,0,10
2023-01-04T01:50:42,3,7,0,10
2023-01-04T02:00:10,3,7,0,10
2023-01-04T02:09:37,3,7,0,10
2023-01-04T02:19:06,3,7,0,10
2023-01-04T02:28:36,3,7,0,10
2023-01-04T02:38:05,3,7,0,10
2023-01-04T02:47:32,3,7,0,10
2023-01-04T02:57:01,3,7,0,10
2023-01-04T03:06:28,3,7,0,10
2023-01-04T03:15:55,3,7,0,10
2023-01-04T03:25:25,3,7,0,10
2023-01-04T03:34:52,3,7,0,10
2023-01-04T03:44:22,3,7,0,10
2023-01-04T03:53:51,3,7,0,10
2023-01-04T04:03:24,3,7,0,10
2023-01-04T04:24:57,3,7,0,10
2023-01-04T04:34:28,3,7,0,10
2023-01-04T04:43:58,3,7,0,10
2023-01-04T04:54:51,3,7,0,10
2023-01-04T05:04:19,3,7,0,10
2023-01-04T05:13:47,3,7,0,10
2023-01-04T05:23:16,3,7,0,10
2023-01-04T05:32:46,3,7,0,10
2023-01-04T05:42:15,3,7,0,10
2023-01-04T05:51:44,3,7,0,10
2023-01-04T06:01:17,3,7,0,10
2023-01-04T06:10:48,3,7,0,10
2023-01-04T06:20:17,3,7,0,10
2023-01-04T06:29:47,3,7,0,10
2023-01-04T06:39:19,3,7,0,10
2023-01-04T06:48:51,3,7,0,10
2023-01-04T06:58:23,3,7,0,10
2023-01-04T07:07:54,3,7,0,10
2023-01-04T07:17:25,3,7,0,10
2023-01-04T07:26:56,3,7,0,10
2023-01-04T07:36:26,3,7,0,10
2023-01-04T07:45:55,3,7,0,10
2023-01-04T07:55:24,3,7,0,10
2023-01-04T08:04:53,3,7,0,10
2023-01-04T08:14:25,3,7,0,10
2023-01-04T08:23:55,3,7,0,10
2023-01-04T08:33:25,3,7,0,10
2023-01-04T08:42:55,3,7,0,10
2023-01-04T08:52:26,3,7,0,10
2023-01-04T09:01:56,3,7,0,10
2023-01-04T09:11:26,3,7,0,10
2023-01-04T09:20:56,3,7,0,10
2023-01-04T09:30:25,3,7,0,10
2023-01-04T09:39:55,3,7,0,10
2023-01-04T09:49:34,3,7,0,10
2023-01-04T09:59:05,3,7,0,10
2023-01-04T10:08:35,3,7,0,10
2023-01-04T10:18:05,3,7,0,10
2023-01-04T10:27:36,3,7,0,10
2023-01-04T10:37:08,3,7,0,10
2023-01-04T10:46:40,3,7,0,10
2023-01-04T10:56:12,3,7,0,10
2023-01-04T11:05:43,3,7,0,10
2023-01-04T11:15:14,3,7,0,10
2023-01-04T11:25:07,3,7,0,10
2023-01-04T11:34:39,3,7,0,10
2023-01-04T11:44:16,3,7,0,10
2023-01-04T11:53:47,3,7,0,10
2023-01-04T12:03:25,3,7,0,10
2023-01-04T12:13:01,3,7,0,10
2023-01-04T12:22:32,3,7,0,10
2023-01-04T12:32:02,3,7,0,10
2023-01-04T12:41:37,3,7,0,10
2023-01-04T12:51:23,3,7,0,10
2023-01-04T13:00:55,3,7,0,10
2023-01-04T13:10:26,3,7,0,10
2023-01-04T13:19:58,3,7,0,10
2023-01-04T13:29:28,3,7,0,10
2023-01-04T13:39:00,3,7,0,10
2023-01-04T13:48:31,3,7,0,10
2023-01-04T13:58:13,3,7,0,10
2023-01-04T14:07:44,3,7,0,10
2023-01-04T14:17:15,3,7,0,10
2023-01-04T14:26:47,3,7,0,10
2023-01-04T14:36:25,3,7,0,10
2023-01-04T14:45:55,3,7,0,10
2023-01-04T14:55:39,3,7,0,10
2023-01-04T15:05:11,3,7,0,10
2023-01-04T15:14:42,3,7,0,10
2023-01-04T15:24:15,3,7,0,10
2023-01-04T15:33:45,3,7,0,10
2023-01-04T15:43:17,3,7,0,10
2023-01-04T15:52:49,3,7,0,10
2023-01-04T16:02:33,3,7,0,10
2023-01-04T16:12:03,3,7,0,10
2023-01-04T16:21:34,3,7,0,10
2023-01-04T16:31:04,3,7,0,10
2023-01-04T16:40:33,3,7,0,10
2023-01-04T16:50:03,3,7,0,10
2023-01-04T16:59:32,3,7,0,10
2023-01-04T17:09:01,3,7,0,10
2023-01-04T17:18:41,3,7,0,10
2023-01-04T17:28:10,3,7,0,10
2023-01-04T17:37:39,3,7,0,10
2023-01-04T17:47:07,3,7,0,10
2023-01-04T17:56:35,3,7,0,10
2023-01-04T18:06:04,3,7,0,10
2023-01-04T18:15:32,3,7,0,10
2023-01-04T18:25:01,3,7,0,10
2023-01-04T18:34:30,3,7,0,10
2023-01-04T18:43:59,3,7,0,10
2023-01-04T18:53:26,3,7,0,10
2023-01-04T19:02:56,3,7,0,10
2023-01-04T19:12:34,3,7,0,10
2023-01-04T19:22:03,3,7,0,10
2023-01-04T19:31:31,3,7,0,10
2023-01-04T19:41:00,3,7,0,10
2023-01-04T19:50:28,3,7,0,10
2023-01-04T19:59:56,3,7,0,10
2023-01-04T20:09:24,3,7,0,10
2023-01-04T20:18:52,3,7,0,10
2023-01-04T20:28:20,3,7,0,10
2023-01-04T20:37:48,3,7,0,10
2023-01-04T20:47:16,3,7,0,10
2023-01-04T20:56:59,3,7,0,10
2023-01-04T21:06:25,3,7,0,10
2023-01-04T21:15:51,3,7,0,10
2023-01-04T21:25:17,3,7,0,10
2023-01-04T21:34:43,3,7,0,10
2023-01-04T21:44:09,3,7,0,10
2023-01-04T21:53:35,3,7,0,10
2023-01-04T22:03:02,3,7,0,10
2023-01-04T22:12:29,3,7,0,10
2023-01-04T22:21:56,3,7,0,10
2023-01-04T22:31:22,3,7,0,10
2023-01-04T22:40:48,3,7,0,10
2023-01-04T22:50:14,3,7,0,10
2023-01-04T22:59:49,3,7,0,10
2023-01-04T23:09:15,3,7,0,10
2023-01-04T23:18:41,3,7,0,10
2023-01-04T23:28:07,3,7,0,10
2023-01-04T23:37:33,3,7,0,10
2023-01-04T23:46:59,3,7,0,10
2023-01-04T23:56:25,3,7,0,10
2023-01-05T00:05:52,3,7,0,10
2023-01-05T00:15:20,3,7,0,10
2023-01-05T00:24:50,3,7,0,10
2023-01-05T00:34:20,3,7,0,10
2023-01-05T00:43:50,3,7,0,10
2023-01-05T00:53:19,3,7,0,10
2023-01-05T01:02:48,3,7,0,10
2023-01-05T01:12:17,3,7,0,10
2023-01-05T01:21:45,3,7,0,10
2023-01-05T01:31:12,3,7,0,10
2023-01-05T01:40:41,3,7,0,10
2023-01-05T01:50:08,3,7,0,10
2023-01-05T01:59:37,3,7,0,10
2023-01-05T02:09:05,3,7,0,10
2023-01-05T02:18:31,3,7,0,10
2023-01-05T02:27:57,3,7,0,10
2023-01-05T02:37:22,3,7,0,10
2023-01-05T02:46:47,3,7,0,10
2023-01-05T02:56:12,3,7,0,10
2023-01-05T03:05:59,3,7,0,10
2023-01-05T03:15:25,3,7,0,10
2023-01-05T03:24:50,3,7,0,10
2023-01-05T03:34:15,3,7,0,10
2023-01-05T03:43:43,3,7,0,10
2023-01-05T03:53:11,3,7,0,10
2023-01-05T04:02:38,3,7,0,10
2023-01-05T04:12:07,3,7,0,10
2023-01-05T04:30:56,3,7,0,10
2023-01-05T04:40:25,3,7,0,10
2023-01-05T04:49:54,3,7,0,10
2023-01-05T04:59:21,3,7,0,10
2023-01-05T05:08:47,3,7,0,10
2023-01-05T05:18:13,3,7,0,10
2023-01-05T05:27:38,3,7,0,10
2023-01-05T05:37:03,3,7,0,10
2023-01-05T05:46:29,3,7,0,10
2023-01-05T05:55:57,3,7,0,10
2023-01-05T06:05:34,3,7,0,10
2023-01-05T06:15:09,3,7,0,10
2023-01-05T06:24:40,3,7,0,10
2023-01-05T06:34:13,3,7,0,10
2023-01-05T06:43:44,3,7,0,10
2023-01-05T06:53:16,3,7,0,10
2023-01-05T07:02:51,3,7,0,10
2023-01-05T07:12:23,3,7,0,10
2023-01-05T07:21:53,3,7,0,10
2023-01-05T07:31:23,3,7,0,10
2023-01-05T07:40:54,3,7,0,10
2023-01-05T07:50:26,3,7,0,10
2023-01-05T07:59:57,3,7,0,10
2023-01-05T08:09:28,3,7,0,10
2023-01-05T08:18:59,3,7,0,10
2023-01-05T08:28:30,3,7,0,10
2023-01-05T08:38:00,3,7,0,10
2023-01-05T08:47:30,3,7,0,10
2023-01-05T08:56:59,3,7,0,10
2023-01-05T09:06:28,3,7,0,10
2023-01-05T09:16:01,3,7,0,10
2023-01-05T09:25:32,3,7,0,10
2023-01-05T09:35:01,3,7,0,10
2023-01-05T09:44:30,3,7,0,10
2023-01-05T09:54:09,3,7,0,10
2023-01-05T10:03:39,3,7,0,10
2023-01-05T10:13:17,3,7,0,10
2023-01-05T10:22:47,3,7,0,10
2023-01-05T10:32:17,3,7,0,10
2023-01-05T10:41:48,3,7,0,10
2023-01-05T10:51:19,3,7,0,10
2023-01-05T11:00:49,3,7,0,10
2023-01-05T11:10:21,3,7,0,10
2023-01-05T11:19:51,3,7,0,10
2023-01-05T11:29:21,3,7,0,10
2023-01-05T11:38:51,3,7,0,10
2023-01-05T11:48:33,3,7,0,10
2023-01-05T11:58:03,3,7,0,10
2023-01-05T12:07:32,3,7,0,10
2023-01-05T12:17:03,3,7,0,10
2023-01-05T12:26:34,3,7,0,10
2023-01-05T12:36:03,3,7,0,10
2023-01-05T12:45:33,3,7,0,10
2023-01-05T12:55:02,3,7,0,10
2023-01-05T13:04:33,3,7,0,10
2023-01-05T13:14:06,3,7,0,10
2023-01-05T13:23:49,3,7,0,10
2023-01-05T13:33:26,3,7,0,10
2023-01-05T13:42:57,3,7,0,10
2023-01-05T13:52:29,3,7,0,10
2023-01-05T14:02:02,3,7,0,10
2023-01-05T14:11:31,3,7,0,10
2023-01-05T14:21:02,3,7,0,10
2023-01-05T14:30:32,3,7,0,10
2023-01-05T14:40:12,3,7,0,10
2023-01-05T14:49:42,3,7,0,10
2023-01-05T14:59:13,3,7,0,10
2023-01-05T15:08:44,3,7,0,10
2023-01-05T15:18:15,3,7,0,10
2023-01-05T15:27:45,3,7,0,10
2023-01-05T15:37:15,3,7,0,10
2023-01-05T15:46:45,3,7,0,10
2023-01-05T15:56:28,3,7,0,10
2023-01-05T16:05:58,3,7,0,10
2023-01-05T16:15:28,3,7,0,10
2023-01-05T16:24:58,3,7,0,10
2023-01-05T16:34:29,3,7,0,10
2023-01-05T16:43:58,3,7,0,10
2023-01-05T16:53:27,3,7,0,10
2023-01-05T17:02:59,3,7,0,10
2023-01-05T17:12:29,3,7,0,10
2023-01-05T17:21:58,3,7,0,10
2023-01-05T17:31:37,3,7,0,10
2023-01-05T17:41:06,3,7,0,10
2023-01-05T17:50:34,3,7,0,10
2023-01-05T18:00:03,3,7,0,10
2023-01-05T18:09:32,3,7,0,10
2023-01-05T18:19:00,3,7,0,10
2023-01-05T18:28:29,3,7,0,10
2023-01-05T18:37:57,3,7,0,10
2023-01-05T18:47:25,3,7,0,10
2023-01-05T18:57:03,3,7,0,10
2023-01-05T19:06:32,3,7,0,10
2023-01-05T19:16:00,3,7,0,10
2023-01-05T19:25:30,3,7,0,10
2023-01-05T19:34:58,3,7,0,10
2023-01-05T19:44:26,3,7,0,10
2023-01-05T19:53:53,3,7,0,10
2023-01-05T20:03:21,3,7,0,10
2023-01-05T20:12:48,3,7,0,10
2023-01-05T20:22:15,3,7,0,10
2023-01-05T20:31:42,3,7,0,10
2023-01-05T20:41:18,3,7,0,10
2023-01-05T20:50:45,3,7,0,10
2023-01-05T21:00:12,3,7,0,10
2023-01-05T21:09:39,3,7,0,10
2023-01-05T21:19:06,3,7,0,10
2023-01-05T21:28:33,3,7,0,10
2023-01-05T21:38:01,3,7,0,10
2023-01-05T21:47:28,3,7,0,10
2023-01-05T21:56:55,3,7,0,10
2023-01-05T22:06:21,3,7,0,10
2023-01-05T22:15:48,3,7,0,10
2023-01-05T22:25:15,3,7,0,10
2023-01-05T22:34:53,3,7,0,10
2023-01-05T22:44:19,3,7,0,10
2023-01-05T22:53:46,3,7,0,10
2023-01-05T23:03:13,3,7,0,10
2023-01-05T23:12:41,3,7,0,10
2023-01-05T23:22:07,3,7,0,10
2023-01-05T23:31:35,3,7,0,10
2023-01-05T23:41:02,3,7,0,10
2023-01-05T23:50:30,3,7,0,10
2023-01-05T23:59:57,3,7,0,10
2023-01-06T00:09:26,3,7,0,10
2023-01-06T00:18:57,3,7,0,10
2023-01-06T00:28:26,3,7,0,10
2023-01-06T00:37:56,3,7,0,10
2023-01-06T00:47:27,3,7,0,10
2023-01-06T00:56:58,3,7,0,10
2023-01-06T01:06:28,3,7,0,10
2023-01-06T01:16:09,3,7,0,10
2023-01-06T01:25:40,3,7,0,10
2023-01-06T01:35:13,3,7,0,10
2023-01-06T01:44:43,3,7,0,10
2023-01-06T01:54:12,3,7,0,10
2023-01-06T02:03:41,3,7,0,10
2023-01-06T02:13:10,3,7,0,10
2023-01-06T02:22:39,3,7,0,10
2023-01-06T02:32:09,3,7,0,10
2023-01-06T02:41:39,3,7,0,10
2023-01-06T02:51:08,3,7,0,10
2023-01-06T03:00:39,3,7,0,10
2023-01-06T03:10:10,3,7,0,10
2023-01-06T03:19:41,3,7,0,10
2023-01-06T03:29:11,3,7,0,10
2023-01-06T03:38:41,3,7,0,10
2023-01-06T03:48:13,3,7,0,10
2023-01-06T03:57:44,3,7,0,10
2023-01-06T04:07:14,3,7,0,10
2023-01-06T04:31:01,3,7,0,10
2023-01-06T04:41:12,3,7,0,10
2023-01-06T04:50:44,3,7,0,10
2023-01-06T05:00:15,3,7,0,10
2023-01-06T05:09:44,3,7,0,10
2023-01-06T05:19:15,3,7,0,10
2023-01-06T05:28:42,3,7,0,10
2023-01-06T05:38:10,3,7,0,10
2023-01-06T05:47:37,3,7,0,10
2023-01-06T05:57:06,3,7,0,10
2023-01-06T06:06:37,3,7,0,10
2023-01-06T06:16:08,3,7,0,10
2023-01-06T06:25:39,3,7,0,10
2023-01-06T06:35:08,3,7,0,10
2023-01-06T06:44:36,3,7,0,10
2023-01-06T06:54:03,3,7,0,10
2023-01-06T07:03:32,3,7,0,10
2023-01-06T07:13:01,3,7,0,10
2023-01-06T07:22:32,3,7,0,10
2023-01-06T07:32:02,3,7,0,10
2023-01-06T07:41:32,3,7,0,10
2023-01-06T07:51:02,3,7,0,10
2023-01-06T08:00:32,3,7,0,10
2023-01-06T08:10:01,3,7,0,10
2023-01-06T08:19:31,3,7,0,10
2023-01-06T08:29:01,3,7,0,10
2023-01-06T08:38:31,3,7,0,10
2023-01-06T08:48:03,3,7,0,10
2023-01-06T08:57:33,3,7,0,10
2023-01-06T09:07:02,3,7,0,10
2023-01-06T09:16:32,3,7,0,10
2023-01-06T09:26:03,3,7,0,10
2023-01-06T09:35:34,3,7,0,10
2023-01-06T09:45:03,3,7,0,10
2023-01-06T09:54:33,3,7,0,10
2023-01-06T10:04:03,3,7,0,10
2023-01-06T10:13:34,3,7,0,10
2023-01-06T10:23:04,3,7,0,10
2023-01-06T10:32:35,3,7,0,10
2023-01-06T10:42:18,3,7,0,10
2023-01-06T10:51:49,3,7,0,10
2023-01-06T11:01:21,3,7,0,10
2023-01-06T11:10:52,3,7,0,10
2023-01-06T11:20:23,3,7,0,10
2023-01-06T11:29:53,3,7,0,10
2023-01-06T11:39:24,3,7,0,10
2023-01-06T11:48:54,3,7,0,10
2023-01-06T11:58:30,3,7,0,10
2023-01-06T12:08:04,3,7,0,10
2023-01-06T12:17:34,3,7,0,10
2023-01-06T12:27:15,3,7,0,10
2023-01-06T12:36:46,3,7,0,10
2023-01-06T12:46:17,3,7,0,10
2023-01-06T12:55:47,3,7,0,10
2023-01-06T13:05:17,3,7,0,10
2023-01-06T13:14:46,3,7,0,10
2023-01-06T13:24:16,3,7,0,10
2023-01-06T13:33:47,3,7,0,10
2023-01-06T13:43:18,3,7,0,10
2023-01-06T13:53:01,3,7,0,10
2023-01-06T14:02:32,3,7,0,10
2023-01-06T14:12:03,3,7,0,10
2023-01-06T14:21:34,3,7,0,10
2023-01-06T14:31:05,3,7,0,10
2023-01-06T14:40:35,3,7,0,10
2023-01-06T14:50:07,3,7,0,10
2023-01-06T14:59:37,3,7,0,10
2023-01-06T15:09:06,3,7,0,10
2023-01-06T15:18:47,3,7,0,10
2023-01-06T15:28:17,3,7,0,10
2023-01-06T15:37:47,3,7,0,10
2023-01-06T15:47:20,3,7,0,10
2023-01-06T15:56:53,3,7,0,10
2023-01-06T16:06:24,3,7,0,10
2023-01-06T16:15:54,3,7,0,10
2023-01-06T16:25:25,3,7,0,10
2023-01-06T16:34:54,3,7,0,10
2023-01-06T16:44:24,3,7,0,10
2023-01-06T16:53:53,3,7,0,10
2023-01-06T17:03:33,3,7,0,10
2023-01-06T17:13:03,3,7,0,10
2023-01-06T17:22:32,3,7,0,10
2023-01-06T17:32:02,3,7,0,10
2023-01-06T17:41:33,3,7,0,10
2023-01-06T17:51:06,3,7,0,10
2023-01-06T18:00:37,3,7,0,10
2023-01-06T18:10:16,3,7,0,10
2023-01-06T18:19:44,3,7,0,10
2023-01-06T18:29:13,3,7,0,10
2023-01-06T18:38:41,3,7,0,10
2023-01-06T18:48:10,3,7,0,10
2023-01-06T18:57:38,3,7,0,10
2023-01-06T19:07:06,3,7,0,10
2023-01-06T19:16:35,3,7,0,10
2023-01-06T19:26:03,3,7,0,10
2023-01-06T19:35:34,3,7,0,10
2023-01-06T19:45:07,3,7,0,10
2023-01-06T19:54:36,3,7,0,10
2023-01-06T20:04:05,3,7,0,10
2023-01-06T20:13:46,3,7,0,10
2023-01-06T20:23:19,3,7,0,10
2023-01-06T20:32:51,3,7,0,10
2023-01-06T20:42:21,3,7,0,10
2023-01-06T20:51:51,3,7,0,10
2023-01-06T21:01:19,3,7,0,10
2023-01-06T21:10:47,3,7,0,10
2023-01-06T21:20:15,3,7,0,10
2023-01-06T21:29:43,3,7,0,10
2023-01-06T21:39:18,3,7,0,10
2023-01-06T21:48:46,3,7,0,10
2023-01-06T21:58:15,3,7,0,10
2023-01-06T22:07:46,3,7,0,10
2023-01-06T22:17:24,3,7,0,10
2023-01-06T22:26:53,3,7,0,10
2023-01-06T22:36:24,3,7,0,10
2023-01-06T22:45:55,3,7,0,10
2023-01-06T22:55:24,3,7,0,10
2023-01-06T23:04:53,3,7,0,10
2023-01-06T23:14:29,3,7,0,10
2023-01-06T23:24:03,3,7,0,10
2023-01-06T23:33:31,3,7,0,10
2023-01-06T23:43:00,3,7,0,10
2023-01-06T23:52:27,3,7,0,10
2023-01-07T00:02:10,3,7,0,10
2023-01-07T00:11:41,3,7,0,10
2023-01-07T00:21:13,3,7,0,10
2023-01-07T00:30:45,3,7,0,10
2023-01-07T00:40:15,3,7,0,10
2023-01-07T00:49:46,3,7,0,10
2023-01-07T00:59:20,3,7,0,10
2023-01-07T01:08:49,3,7,0,10
2023-01-07T01:18:18,3,7,0,10
2023-01-07T01:27:45,3,7,0,10
2023-01-07T01:37:12,3,7,0,10
2023-01-07T01:46:39,3,7,0,10
2023-01-07T01:56:06,3,7,0,10
2023-01-07T02:05:34,3,7,0,10
2023-01-07T02:15:11,3,7,0,10
2023-01-07T02:24:38,3,7,0,10
2023-01-07T02:34:07,3,7,0,10
2023-01-07T02:43:32,3,7,0,10
2023-01-07T02:52:58,3,7,0,10
2023-01-07T03:02:24,3,7,0,10
2023-01-07T03:11:50,3,7,0,10
2023-01-07T03:21:17,3,7,0,10
2023-01-07T03:30:43,3,7,0,10
2023-01-07T03:40:10,3,7,0,10
2023-01-07T03:49:39,3,7,0,10
2023-01-07T03:59:07,3,7,0,10
2023-01-07T04:10:45,3,7,0,10
2023-01-07T04:30:38,3,7,0,10
2023-01-07T04:40:08,3,7,0,10
2023-01-07T04:49:36,3,7,0,10
2023-01-07T04:59:03,3,7,0,10
2023-01-07T05:08:29,3,7,0,10
2023-01-07T05:17:55,3,7,0,10
2023-01-07T05:27:22,3,7,0,10
2023-01-07T05:36:47,3,7,0,10
2023-01-07T05:46:14,3,7,0,10
2023-01-07T05:55:42,3,7,0,10
2023-01-07T06:05:11,3,7,0,10
2023-01-07T06:14:42,3,7,0,10
2023-01-07T06:24:13,3,7,0,10
2023-01-07T06:34:05,3,7,0,10
2023-01-07T06:43:37,3,7,0,10
2023-01-07T06:53:09,3,7,0,10
2023-01-07T07:02:40,3,7,0,10
2023-01-07T07:12:12,3,7,0,10
2023-01-07T07:21:42,3,7,0,10
2023-01-07T07:31:13,3,7,0,10
2023-01-07T07:40:44,3,7,0,10
2023-01-07T07:50:17,3,7,0,10
2023-01-07T07:59:48,3,7,0,10
2023-01-07T08:09:19,3,7,0,10
2023-01-07T08:18:52,3,7,0,10
2023-01-07T08:28:24,3,7,0,10
2023-01-07T08:37:55,3,7,0,10
2023-01-07T08:47:25,3,7,0,10
2023-01-07T08:56:57,3,7,0,10
2023-01-07T09:06:29,3,7,0,10
2023-01-07T09:15:58,3,7,0,10
2023-01-07T09:25:29,3,7,0,10
2023-01-07T09:35:00,3,7,0,10
2023-01-07T09:44:29,3,7,0,10
2023-01-07T09:53:59,3,7,0,10
2023-01-07T10:03:30,3,7,0,10
2023-01-07T10:13:00,3,7,0,10
2023-01-07T10:22:38,3,7,0,10
2023-01-07T10:32:08,3,7,0,10
2023-01-07T10:41:38,3,7,0,10
2023-01-07T10:51:08,3,7,0,10
2023-01-07T11:00:36,3,7,0,10
2023-01-07T11:10:04,3,7,0,10
2023-01-07T11:19:32,3,7,0,10
2023-01-07T11:29:00,3,7,0,10
2023-01-07T11:38:27,3,7,0,10
2023-01-07T11:47:55,3,7,0,10
2023-01-07T11:57:23,3,7,0,10
2023-01-07T12:06:52,3,7,0,10
2023-01-07T12:16:20,3,7,0,10
2023-01-07T12:25:50,3,7,0,10
2023-01-07T12:35:28,3,7,0,10
2023-01-07T12:44:55,3,7,0,10
2023-01-07T12:54:23,3,7,0,10
2023-01-07T13:03:51,3,7,0,10
2023-01-07T13:13:19,3,7,0,10
2023-01-07T13:22:47,3,7,0,10
2023-01-07T13:32:15,3,7,0,10
2023-01-07T13:41:44,3,7,0,10
2023-01-07T13:51:12,3,7,0,10
2023-01-07T14:00:40,3,7,0,10
2023-01-07T14:10:08,3,7,0,10
2023-01-07T14:19:36,3,7,0,10
2023-01-07T14:29:16,3,7,0,10
2023-01-07T14:38:44,3,7,0,10
2023-01-07T14:48:13,3,7,0,10
2023-01-07T14:57:41,3,7,0,10
2023-01-07T15:07:08,3,7,0,10
2023-01-07T15:16:36,3,7,0,10
2023-01-07T15:26:04,3,7,0,10
2023-01-07T15:35:32,3,7,0,10
2023-01-07T15:45:00,3,7,0,10
2023-01-07T15:54:29,3,7,0,10
2023-01-07T16:03:57,3,7,0,10
2023-01-07T16:13:35,3,7,0,10
2023-01-07T16:23:03,3,7,0,10
2023-01-07T16:32:32,3,7,0,10
2023-01-07T16:42:00,3,7,0,10
2023-01-07T16:51:28,3,7,0,10
2023-01-07T17:00:56,3,7,0,10
2023-01-07T17:10:26,3,7,0,10
2023-01-07T17:19:55,3,7,0,10
2023-01-07T17:29:24,3,7,0,10
2023-01-07T17:38:51,3,7,0,10
2023-01-07T17:48:19,3,7,0,10
2023-01-07T17:57:57,3,7,0,10
2023-01-07T18:07:25,3,7,0,10
2023-01-07T18:16:53,3,7,0,10
2023-01-07T18:26:21,3,7,0,10
2023-01-07T18:35:49,3,7,0,10
2023-01-07T18:45:17,3,7,0,10
2023-01-07T18:54:45,3,7,0,10
2023-01-07T19:04:14,3,7,0,10
2023-01-07T19:13:42,3,7,0,10
2023-01-07T19:23:21,3,7,0,10
2023-01-07T19:32:48,3,7,0,10
2023-01-07T19:42:16,3,7,0,10
2023-01-07T19:51:44,3,7,0,10
2023-01-07T20:01:10,3,7,0,10
2023-01-07T20:10:38,3,7,0,10
2023-01-07T20:20:04,3,7,0,10
2023-01-07T20:29:32,3,7,0,10
2023-01-07T20:38:58,3,7,0,10
2023-01-07T20:48:25,3,7,0,10
2023-01-07T20:57:51,3,7,0,10
2023-01-07T21:07:28,3,7,0,10
2023-01-07T21:16:54,3,7,0,10
2023-01-07T21:26:20,3,7,0,10
2023-01-07T21:35:46,3,7,0,10
2023-01-07T21:45:13,3,7,0,10
2023-01-07T21:54:39,3,7,0,10
2023-01-07T22:04:06,3,7,0,10
2023-01-07T22:13:32,3,7,0,10
2023-01-07T22:22:58,3,7,0,10
2023-01-07T22:32:26,3,7,0,10
2023-01-07T22:41:53,3,7,0,10
2023-01-07T22:51:30,3,7,0,10
2023-01-07T23:00:56,3,7,0,10
2023-01-07T23:10:24,3,7,0,10
2023-01-07T23:19:50,3,7,0,10
2023-01-07T23:29:16,3,7,0,10
2023-01-07T23:38:42,3,7,0,10
2023-01-07T23:48:09,3,7,0,10
2023-01-07T23:57:34,3,7,0,10
2023-01-08T00:07:02,3,7,0,10
2023-01-08T00:16:32,3,7,0,10
2023-01-08T00:26:03,3,7,0,10
2023-01-08T00:35:30,3,7,0,10
2023-01-08T00:44:56,3,7,0,10
2023-01-08T00:54:22,3,7,0,10
2023-01-08T01:03:48,3,7,0,10
2023-01-08T01:13:14,3,7,0,10
2023-01-08T01:22:40,3,7,0,10
2023-01-08T01:32:18,3,7,0,10
2023-01-08T01:41:44,3,7,0,10
2023-01-08T01:51:10,3,7,0,10
2023-01-08T02:00:37,3,7,0,10
2023-01-08T02:10:04,3,7,0,10
2023-01-08T02:19:30,3,7,0,10
2023-01-08T02:28:57,3,7,0,10
2023-01-08T02:38:27,3,7,0,10
2023-01-08T02:47:58,3,7,0,10
2023-01-08T02:57:31,3,7,0,10
2023-01-08T03:07:06,3,7,0,10
2023-01-08T03:16:36,3,7,0,10
2023-01-08T03:26:05,3,7,0,10
2023-01-08T03:35:36,3,7,0,10
2023-01-08T03:45:07,3,7,0,10
2023-01-08T03:54:37,3,7,0,10
2023-01-08T04:04:06,3,7,0,10
2023-01-08T04:28:52,3,7,0,10
2023-01-08T04:38:24,3,7,0,10
2023-01-08T04:47:55,3,7,0,10
2023-01-08T04:57:26,3,7,0,10
2023-01-08T05:06:55,3,7,0,10
2023-01-08T05:16:24,3,7,0,10
2023-01-08T05:25:52,3,7,0,10
2023-01-08T05:35:21,3,7,0,10
2023-01-08T05:44:49,3,7,0,10
2023-01-08T05:54:17,3,7,0,10
2023-01-08T06:03:47,3,7,0,10
2023-01-08T06:13:17,3,7,0,10
2023-01-08T06:22:47,3,7,0,10
2023-01-08T06:32:17,3,7,0,10
2023-01-08T06:41:45,3,7,0,10
2023-01-08T06:51:13,3,7,0,10
2023-01-08T07:00:40,3,7,0,10
2023-01-08T07:10:10,3,7,0,10
2023-01-08T07:19:39,3,7,0,10
2023-01-08T07:29:08,3,7,0,10
2023-01-08T07:38:39,3,7,0,10
2023-01-08T07:48:10,3,7,0,10
2023-01-08T07:57:45,3,7,0,10
2023-01-08T08:07:17,3,7,0,10
2023-01-08T08:16:46,3,7,0,10
2023-01-08T08:26:17,3,7,0,10
2023-01-08T08:35:48,3,7,0,10
2023-01-08T08:45:16,3,7,0,10
2023-01-08T08:54:45,3,7,0,10
2023-01-08T09:04:15,3,7,0,10
2023-01-08T09:13:45,3,7,0,10
2023-01-08T09:23:29,3,7,0,10
2023-01-08T09:32:59,3,7,0,10
2023-01-08T09:42:28,3,7,0,10
2023-01-08T09:51:58,3,7,0,10
2023-01-08T10:01:30,3,7,0,10
2023-01-08T10:11:01,3,7,0,10
2023-01-08T10:20:36,3,7,0,10
2023-01-08T10:30:12,3,7,0,10
2023-01-08T10:39:42,3,7,0,10
2023-01-08T10:49:12,3,7,0,10
2023-01-08T10:58:50,3,7,0,10
2023-01-08T11:08:18,3,7,0,10
2023-01-08T11:18:01,3,7,0,10
2023-01-08T11:27:31,3,7,0,10
2023-01-08T11:37:02,3,7,0,10
2023-01-08T11:46:32,3,7,0,10
2023-01-08T11:56:03,3,7,0,10
2023-01-08T12:05:32,3,7,0,10
2023-01-08T12:15:01,3,7,0,10
2023-01-08T12:24:43,3,7,0,10
2023-01-08T12:34:12,3,7,0,10
2023-01-08T12:43:41,3,7,0,10
2023-01-08T12:53:10,3,7,0,10
2023-01-08T13:02:39,3,7,0,10
2023-01-08T13:12:08,3,7,0,10
2023-01-08T13:21:47,3,7,0,10
2023-01-08T13:31:17,3,7,0,10
2023-01-08T13:40:45,3,7,0,10
2023-01-08T13:50:15,3,7,0,10
2023-01-08T13:59:43,3,7,0,10
2023-01-08T14:09:12,3,7,0,10
2023-01-08T14:18:50,3,7,0,10
2023-01-08T14:28:19,3,7,0,10
2023-01-08T14:37:48,3,7,0,10
2023-01-08T14:47:17,3,7,0,10
2023-01-08T14:56:48,3,7,0,10
2023-01-08T15:06:28,3,7,0,10
2023-01-08T15:15:56,3,7,0,10
2023-01-08T15:25:25,3,7,0,10
2023-01-08T15:34:54,3,7,0,10
2023-01-08T15:44:23,3,7,0,10
2023-01-08T15:53:52,3,7,0,10
2023-01-08T16:03:32,3,7,0,10
2023-01-08T16:13:02,3,7,0,10
2023-01-08T16:22:32,3,7,0,10
2023-01-08T16:32:02,3,7,0,10
2023-01-08T16:41:41,3,7,0,10
2023-01-08T16:51:10,3,7,0,10
2023-01-08T17:00:39,3,7,0,10
2023-01-08T17:10:08,3,7,0,10
2023-01-08T17:19:38,3,7,0,10
2023-01-08T17:29:17,3,7,0,10
2023-01-08T17:38:47,3,7,0,10
2023-01-08T17:48:17,3,7,0,10
2023-01-08T17:57:47,3,7,0,10
2023-01-08T18:07:27,3,7,0,10
2023-01-08T18:16:57,3,7,0,10
2023-01-08T18:26:27,3,7,0,10
2023-01-08T18:35:57,3,7,0,10
2023-01-08T18:45:26,3,7,0,10
2023-01-08T18:54:55,3,7,0,10
2023-01-08T19:04:35,3,7,0,10
2023-01-08T19:14:05,3,7,0,10
2023-01-08T19:23:35,3,7,0,10
2023-01-08T19:33:04,3,7,0,10
2023-01-08T19:42:34,3,7,0,10
2023-01-08T19:52:15,3,7,0,10
2023-01-08T20:01:46,3,7,0,10
2023-01-08T20:11:16,3,7,0,10
2023-01-08T20:20:46,3,7,0,10
2023-01-08T20:30:26,3,7,0,10
2023-01-08T20:39:56,3,7,0,10
2023-01-08T20:49:25,3,7,0,10
2023-01-08T20:58:55,3,7,0,10
2023-01-08T21:08:36,3,7,0,10
2023-01-08T21:18:06,3,7,0,10
2023-01-08T21:27:36,3,7,0,10
2023-01-08T21:37:07,3,7,0,10
2023-01-08T21:46:46,3,7,0,10
2023-01-08T21:56:16,3,7,0,10
2023-01-08T22:05:46,3,7,0,10
2023-01-08T22:15:16,3,7,0,10
2023-01-08T22:24:55,3,7,0,10
2023-01-08T22:34:26,3,7,0,10
2023-01-08T22:43:56,3,7,0,10
2023-01-08T22:53:26,3,7,0,10
2023-01-08T23:03:07,3,7,0,10
2023-01-08T23:12:38,3,7,0,10
2023-01-08T23:22:09,3,7,0,10
2023-01-08T23:31:44,3,7,0,10
2023-01-08T23:41:23,3,7,0,10
2023-01-08T23:50:51,3,7,0,10
2023-01-09T00:00:23,3,7,0,10
2023-01-09T00:10:13,3,7,0,10
2023-01-09T00:19:47,3,7,0,10
2023-01-09T00:29:34,3,7,0,10
2023-01-09T00:39:08,3,7,0,10
2023-01-09T00:48:44,3,7,0,10
2023-01-09T00:58:16,3,7,0,10
2023-01-09T01:07:56,3,7,0,10
2023-01-09T01:17:23,3,7,0,10
2023-01-09T01:26:58,3,7,0,10
2023-01-09T01:36:36,3,7,0,10
2023-01-09T01:46:14,3,7,0,10
2023-01-09T01:55:51,3,7,0,10
2023-01-09T02:05:30,3,7,0,10
2023-01-09T02:15:09,3,7,0,10
2023-01-09T02:24:45,3,7,0,10
2023-01-09T02:34:21,3,7,0,10
2023-01-09T02:44:10,3,7,0,10
2023-01-09T02:53:46,3,7,0,10
2023-01-09T03:03:18,3,7,0,10
2023-01-09T03:12:48,3,7,0,10
2023-01-09T03:22:20,3,7,0,10
2023-01-09T03:31:49,3,7,0,10
2023-01-09T03:41:17,3,7,0,10
2023-01-09T03:50:46,3,7,0,10
2023-01-09T04:00:14,3,7,0,10
2023-01-09T04:09:43,3,7,0,10
2023-01-09T04:30:27,3,7,0,10
2023-01-09T04:40:15,3,7,0,10
2023-01-09T04:49:46,3,7,0,10
2023-01-09T04:59:14,3,7,0,10
2023-01-09T05:08:41,3,7,0,10
2023-01-09T05:18:07,3,7,0,10
2023-01-09T05:27:33,3,7,0,10
2023-01-09T05:36:58,3,7,0,10
2023-01-09T05:46:25,3,7,0,10
2023-01-09T05:55:53,3,7,0,10
2023-01-09T06:05:23,3,7,0,10
2023-01-09T06:14:53,3,7,0,10
2023-01-09T06:24:23,3,7,0,10
2023-01-09T06:33:51,3,7,0,10
2023-01-09T06:43:19,3,7,0,10
2023-01-09T06:52:50,3,7,0,10
2023-01-09T07:02:19,3,7,0,10
2023-01-09T07:11:50,3,7,0,10
2023-01-09T07:21:20,3,7,0,10
2023-01-09T07:30:51,3,7,0,10
2023-01-09T07:40:22,3,7,0,10
2023-01-09T07:50:05,3,7,0,10
2023-01-09T07:59:38,3,7,0,10
2023-01-09T08:09:20,3,7,0,10
2023-01-09T08:18:53,3,7,0,10
2023-01-09T08:28:40,3,7,0,10
2023-01-09T08:38:14,3,7,0,10
2023-01-09T08:47:47,3,7,0,10
2023-01-09T08:57:32,3,7,0,10
2023-01-09T09:07:08,3,7,0,10
2023-01-09T09:16:43,3,7,0,10
2023-01-09T09:26:27,3,7,0,10
2023-01-09T09:36:01,3,7,0,10
2023-01-09T09:45:48,3,7,0,10
2023-01-09T09:55:23,3,7,0,10
2023-01-09T10:05:11,3,7,0,10
2023-01-09T10:14:47,3,7,0,10
2023-01-09T10:24:42,3,7,0,10
2023-01-09T10:34:18,3,7,0,10
2023-01-09T10:44:05,3,7,0,10
2023-01-09T10:53:41,3,7,0,10
2023-01-09T11:03:17,3,7,0,10
2023-01-09T11:13:03,3,7,0,10
2023-01-09T11:22:37,3,7,0,10
2023-01-09T11:32:22,3,7,0,10
2023-01-09T11:41:56,3,7,0,10
2023-01-09T11:51:31,4,6,0,10
2023-01-09T12:01:20,4,6,0,10
2023-01-09T12:10:54,4,6,0,10
2023-01-09T12:20:40,4,6,0,10
2023-01-09T12:30:12,4,6,0,10
2023-01-09T12:39:55,4,6,0,10
2023-01-09T12:49:29,4,6,0,10
2023-01-09T12:59:02,4,6,0,10
2023-01-09T13:08:49,4,6,0,10
2023-01-09T13:18:23,4,6,0,10
2023-01-09T13:27:57,4,6,0,10
2023-01-09T13:37:42,4,6,0,10
2023-01-09T13:47:16,4,6,0,10
2023-01-09T13:56:56,4,6,0,10
2023-01-09T14:14:59,4,6,0,10
2023-01-09T14:24:33,4,6,0,10
2023-01-09T14:34:17,4,6,0,10
2023-01-09T14:43:51,4,6,0,10
2023-01-09T14:53:36,4,6,0,10
2023-01-09T15:03:10,4,6,0,10
2023-01-09T15:12:53,4,6,0,10
2023-01-09T15:22:26,4,6,0,10
2023-01-09T15:31:58,4,6,0,10
2023-01-09T15:41:41,4,6,0,10
2023-01-09T15:51:15,4,6,0,10
2023-01-09T16:00:47,4,6,0,10
2023-01-09T16:10:31,4,6,0,10
2023-01-09T16:20:03,4,6,0,10
2023-01-09T16:29:34,4,6,0,10
2023-01-09T16:39:16,4,6,0,10
2023-01-09T16:48:47,4,6,0,10
2023-01-09T16:58:18,4,6,0,10
2023-01-09T17:07:50,4,6,0,10
2023-01-09T17:17:33,4,6,0,10
2023-01-09T17:27:03,4,6,0,10
2023-01-09T17:36:44,4,6,0,10
2023-01-09T17:46:14,4,6,0,10
2023-01-09T17:55:44,4,6,0,10
2023-01-09T18:05:15,4,6,0,10
2023-01-09T18:14:57,4,6,0,10
2023-01-09T18:24:27,4,6,0,10
2023-01-09T18:33:57,4,6,0,10
2023-01-09T18:43:27,4,6,0,10
2023-01-09T18:53:07,4,6,0,10
2023-01-09T19:02:39,4,6,0,10
2023-01-09T19:12:10,4,6,0,10
2023-01-09T19:21:41,4,6,0,10
2023-01-09T19:31:21,4,6,0,10
2023-01-09T19:40:50,4,6,0,10
2023-01-09T19:50:19,4,6,0,10
2023-01-09T19:59:47,4,6,0,10
2023-01-09T20:09:26,4,6,0,10
2023-01-09T20:18:55,4,6,0,10
2023-01-09T20:28:23,4,6,0,10
2023-01-09T20:37:52,4,6,0,10
2023-01-09T20:47:20,4,6,0,10
2023-01-09T20:56:50,4,6,0,10
2023-01-09T21:06:29,4,6,0,10
2023-01-09T21:15:58,4,6,0,10
2023-01-09T21:25:26,4,6,0,10
2023-01-09T21:34:54,4,6,0,10
2023-01-09T21:44:23,4,6,0,10
2023-01-09T21:53:51,4,6,0,10
2023-01-09T22:03:30,4,6,0,10
2023-01-09T22:12:59,4,6,0,10
2023-01-09T22:22:27,4,6,0,10
2023-01-09T22:31:56,4,6,0,10
2023-01-09T22:41:24,4,6,0,10
2023-01-09T22:51:05,4,6,0,10
2023-01-09T23:00:33,4,6,0,10
2023-01-09T23:10:01,4,6,0,10
2023-01-09T23:19:29,4,6,0,10
2023-01-09T23:28:57,4,6,0,10
2023-01-09T23:38:36,4,6,0,10
2023-01-09T23:48:04,4,6,0,10
2023-01-09T23:57:31,4,6,0,10
2023-01-10T00:07:00,4,6,0,10
2023-01-10T00:16:31,4,6,0,10
2023-01-10T00:26:03,4,6,0,10
2023-01-10T00:35:34,4,6,0,10
2023-01-10T00:45:05,4,6,0,10
2023-01-10T00:54:35,4,6,0,10
2023-01-10T01:04:04,4,6,0,10
2023-01-10T01:13:46,4,6,0,10
2023-01-10T01:23:15,4,6,0,10
2023-01-10T01:32:43,4,6,0,10
2023-01-10T01:42:11,4,6,0,10
2023-01-10T01:51:39,4,6,0,10
2023-01-10T02:01:08,4,6,0,10
2023-01-10T02:10:35,4,6,0,10
2023-01-10T02:20:03,4,6,0,10
2023-01-10T02:29:30,4,6,0,10
2023-01-10T02:38:57,4,6,0,10
2023-01-10T02:48:24,4,6,0,10
2023-01-10T02:57:51,4,6,0,10
2023-01-10T03:07:18,4,6,0,10
2023-01-10T03:16:44,4,6,0,10
2023-01-10T03:26:11,4,6,0,10
2023-01-10T03:35:42,4,6,0,10
2023-01-10T03:45:11,4,6,0,10
2023-01-10T03:54:42,4,6,0,10
2023-01-10T04:04:24,4,6,0,10
2023-01-10T04:16:04,4,6,0,10
2023-01-10T04:39:54,4,6,0,10
2023-01-10T04:49:24,4,6,0,10
2023-01-10T04:58:54,4,6,0,10
2023-01-10T05:08:26,4,6,0,10
2023-01-10T05:17:55,4,6,0,10
2023-01-10T05:27:23,4,6,0,10
2023-01-10T05:36:53,4,6,0,10
2023-01-10T05:46:22,4,6,0,10
2023-01-10T05:55:52,4,6,0,10
2023-01-10T06:05:23,4,6,0,10
2023-01-10T06:14:53,4,6,0,10
2023-01-10T06:24:23,4,6,0,10
2023-01-10T06:33:53,4,6,0,10
2023-01-10T06:43:21,4,6,0,10
2023-01-10T06:52:53,4,6,0,10
2023-01-10T07:02:22,4,6,0,10
2023-01-10T07:11:51,4,6,0,10
2023-01-10T07:21:21,4,6,0,10
2023-01-10T07:30:52,4,6,0,10
2023-01-10T07:40:24,4,6,0,10
2023-01-10T07:49:56,4,6,0,10
2023-01-10T07:59:28,4,6,0,10
2023-01-10T08:09:10,4,6,0,10
2023-01-10T08:18:51,4,6,0,10
2023-01-10T08:28:24,4,6,0,10
2023-01-10T08:37:56,4,6,0,10
2023-01-10T08:47:29,4,6,0,10
2023-01-10T08:57:02,4,6,0,10
2023-01-10T09:06:37,4,6,0,10
2023-01-10T09:16:30,4,6,0,10
2023-01-10T09:26:05,4,6,0,10
2023-01-10T09:35:41,4,6,0,10
2023-01-10T09:45:16,4,6,0,10
2023-01-10T09:55:01,4,6,0,10
2023-01-10T10:04:36,4,6,0,10
2023-01-10T10:14:21,4,6,0,10
2023-01-10T10:23:56,4,6,0,10
2023-01-10T10:33:31,4,6,0,10
2023-01-10T10:43:23,4,6,0,10
2023-01-10T10:52:58,4,6,0,10
2023-01-10T11:02:33,4,6,0,10
2023-01-10T11:12:17,4,6,0,10
2023-01-10T11:21:52,4,6,0,10
2023-01-10T11:31:39,4,6,0,10
2023-01-10T11:41:13,4,6,0,10
2023-01-10T11:50:47,4,6,0,10
2023-01-10T12:00:30,4,6,0,10
2023-01-10T12:10:04,4,6,0,10
2023-01-10T12:19:56,4,6,0,10
2023-01-10T12:29:31,4,6,0,10
2023-01-10T12:39:05,4,6,0,10
2023-01-10T12:48:48,4,6,0,10
2023-01-10T12:58:44,4,6,0,10
2023-01-10T13:08:21,4,6,0,10
2023-01-10T13:18:05,4,6,0,10
2023-01-10T13:27:41,4,6,0,10
2023-01-10T13:37:34,4,6,0,10
2023-01-10T13:47:09,4,6,0,10
2023-01-10T13:56:43,4,6,0,10
2023-01-10T14:06:27,4,6,0,10
2023-01-10T14:16:01,4,6,0,10
2023-01-10T14:25:44,4,6,0,10
2023-01-10T14:35:17,4,6,0,10
2023-01-10T14:44:50,4,6,0,10
2023-01-10T14:54:42,4,6,0,10
2023-01-10T15:04:15,4,6,0,10
2023-01-10T15:13:57,4,6,0,10
2023-01-10T15:23:30,4,6,0,10
2023-01-10T15:33:04,4,6,0,10
2023-01-10T15:42:45,4,6,0,10
2023-01-10T15:52:17,4,6,0,10
2023-01-10T16:01:59,4,6,0,10
2023-01-10T16:11:30,4,6,0,10
2023-01-10T16:21:02,4,6,0,10
2023-01-10T16:30:34,4,6,0,10
2023-01-10T16:40:24,4,6,0,10
2023-01-10T16:49:55,4,6,0,10
2023-01-10T16:59:26,4,6,0,10
2023-01-10T17:08:59,4,6,0,10
2023-01-10T17:18:40,4,6,0,10
2023-01-10T17:28:10,4,6,0,10
2023-01-10T17:37:40,4,6,0,10
2023-01-10T17:47:10,4,6,0,10
2023-01-10T17:56:40,4,6,0,10
2023-01-10T18:06:19,4,6,0,10
2023-01-10T18:15:49,4,6,0,10
2023-01-10T18:25:18,4,6,0,10
2023-01-10T18:34:48,4,6,0,10
2023-01-10T18:44:17,4,6,0,10
2023-01-10T18:54:05,4,6,0,10
2023-01-10T19:03:35,4,6,0,10
2023-01-10T19:13:04,4,6,0,10
2023-01-10T19:22:33,4,6,0,10
2023-01-10T19:32:01,4,6,0,10
2023-01-10T19:41:31,4,6,0,10
2023-01-10T19:51:10,4,6,0,10
2023-01-10T20:00:39,4,6,0,10
2023-01-10T20:10:08,4,6,0,10
2023-01-10T20:19:37,4,6,0,10
2023-01-10T20:29:05,4,6,0,10
2023-01-10T20:38:33,4,6,0,10
2023-01-10T20:48:21,4,6,0,10
2023-01-10T20:57:49,4,6,0,10
2023-01-10T21:07:18,4,6,0,10
2023-01-10T21:16:47,4,6,0,10
2023-01-10T21:26:16,4,6,0,10
2023-01-10T21:35:47,4,6,0,10
2023-01-10T21:45:26,4,6,0,10
2023-01-10T21:54:55,4,6,0,10
2023-01-10T22:04:24,4,6,0,10
2023-01-10T22:13:52,4,6,0,10
2023-01-10T22:23:22,4,6,0,10
2023-01-10T22:32:51,4,6,0,10
2023-01-10T22:42:20,4,6,0,10
2023-01-10T22:52:00,4,6,0,10
2023-01-10T23:01:29,4,6,0,10
2023-01-10T23:10:58,4,6,0,10
2023-01-10T23:20:27,4,6,0,10
2023-01-10T23:29:56,4,6,0,10
2023-01-10T23:39:25,4,6,0,10
2023-01-10T23:48:53,4,6,0,10
2023-01-10T23:58:22,4,6,0,10
2023-01-11T00:07:52,4,6,0,10
2023-01-11T00:17:23,4,6,0,10
2023-01-11T00:27:03,4,6,0,10
2023-01-11T00:36:36,4,6,0,10
2023-01-11T00:46:07,4,6,0,10
2023-01-11T00:55:38,4,6,0,10
2023-01-11T01:05:09,4,6,0,10
2023-01-11T01:14:42,4,6,0,10
2023-01-11T01:24:12,4,6,0,10
2023-01-11T01:33:41,4,6,0,10
2023-01-11T01:43:10,4,6,0,10
2023-01-11T01:52:39,4,6,0,10
2023-01-11T02:02:09,4,6,0,10
2023-01-11T02:11:38,4,6,0,10
2023-01-11T02:21:09,4,6,0,10
2023-01-11T02:30:39,4,6,0,10
2023-01-11T02:40:09,4,6,0,10
2023-01-11T02:49:40,4,6,0,10
2023-01-11T02:59:10,4,6,0,10
2023-01-11T03:08:40,4,6,0,10
2023-01-11T03:18:10,4,6,0,10
2023-01-11T03:27:39,4,6,0,10
2023-01-11T03:37:08,4,6,0,10
2023-01-11T03:46:39,4,6,0,10
2023-01-11T03:56:09,4,6,0,10
2023-01-11T04:05:40,4,6,0,10
2023-01-11T04:37:06,4,6,0,10
2023-01-11T04:46:39,4,6,0,10
2023-01-11T04:56:13,4,6,0,10
2023-01-11T05:05:41,4,6,0,10
2023-01-11T05:15:09,4,6,0,10
2023-01-11T05:24:38,4,6,0,10
2023-01-11T05:34:06,4,6,0,10
2023-01-11T05:44:12,4,6,0,10
2023-01-11T05:53:43,4,6,0,10
2023-01-11T06:03:14,4,6,0,10
2023-01-11T06:12:43,4,6,0,10
2023-01-11T06:22:12,4,6,0,10
2023-01-11T06:31:41,4,6,0,10
2023-01-11T06:41:10,4,6,0,10
2023-01-11T06:50:39,4,6,0,10
2023-01-11T07:00:08,4,6,0,10
2023-01-11T07:09:40,4,6,0,10
2023-01-11T07:19:10,4,6,0,10
2023-01-11T07:28:42,4,6,0,10
2023-01-11T07:38:14,4,6,0,10
2023-01-11T07:47:46,4,6,0,10
2023-01-11T07:57:19,4,6,0,10
2023-01-11T08:06:51,4,6,0,10
2023-01-11T08:16:24,4,6,0,10
2023-01-11T08:25:57,4,6,0,10
2023-01-11T08:35:41,4,6,0,10
2023-01-11T08:45:16,4,6,0,10
2023-01-11T08:54:50,4,6,0,10
2023-01-11T09:18:58,4,6,0,10
2023-01-11T09:28:52,4,6,0,10
2023-01-11T09:38:28,4,6,0,10
2023-01-11T09:48:02,4,6,0,10
2023-01-11T09:57:36,4,6,0,10
2023-01-11T10:07:14,4,6,0,10
2023-01-11T10:16:59,4,6,0,10
2023-01-11T10:26:34,4,6,0,10
2023-01-11T10:36:08,4,6,0,10
2023-01-11T10:45:42,4,6,0,10
2023-01-11T11:18:20,4,6,0,10
2023-01-11T12:10:27,4,6,0,10
2023-01-11T12:20:03,4,6,0,10
2023-01-11T12:29:43,4,6,0,10
2023-01-11T12:39:19,4,6,0,10
2023-01-11T12:49:08,4,6,0,10
2023-01-11T12:58:50,4,6,0,10
2023-01-11T13:08:29,4,6,0,10
2023-01-11T13:18:07,4,6,0,10
2023-01-11T13:27:54,4,6,0,10
2023-01-11T13:37:32,4,6,0,10
2023-01-11T13:47:19,4,6,0,10
2023-01-11T13:57:16,4,6,0,10
2023-01-11T14:07:03,4,6,0,10
2023-01-11T14:16:44,4,6,0,10
2023-01-11T14:26:24,4,6,0,10
2023-01-11T14:36:20,4,6,0,10
2023-01-11T14:46:00,4,6,0,10
2023-01-11T14:55:37,4,6,0,10
2023-01-11T15:05:20,4,6,0,10
2023-01-11T15:14:58,4,6,0,10
2023-01-11T15:24:31,4,6,0,10
2023-01-11T15:34:23,4,6,0,10
2023-01-11T15:44:02,4,6,0,10
2023-01-11T15:53:44,4,6,0,10
2023-01-11T16:03:29,4,6,0,10
2023-01-11T16:13:03,4,6,0,10
2023-01-11T16:22:48,4,6,0,10
2023-01-11T16:32:22,4,6,0,10
2023-01-11T16:41:55,4,6,0,10
2023-01-11T16:51:30,4,6,0,10
2023-01-11T17:01:08,4,6,0,10
2023-01-11T17:10:41,4,6,0,10
2023-01-11T17:20:24,4,6,0,10
2023-01-11T17:30:04,4,6,0,10
2023-01-11T17:39:36,4,6,0,10
2023-01-11T17:49:08,4,6,0,10
2023-01-11T17:58:40,4,6,0,10
2023-01-11T18:08:13,4,6,0,10
2023-01-11T18:17:46,4,6,0,10
2023-01-11T18:27:27,4,6,0,10
2023-01-11T18:36:58,4,6,0,10
2023-01-11T18:46:29,4,6,0,10
2023-01-11T18:56:00,4,6,0,10
2023-01-11T19:05:32,4,6,0,10
2023-01-11T19:15:03,4,6,0,10
2023-01-11T19:24:34,4,6,0,10
2023-01-11T19:34:06,4,6,0,10
2023-01-11T19:43:37,4,6,0,10
2023-01-11T19:53:19,4,6,0,10
2023-01-11T20:02:49,4,6,0,10
2023-01-11T20:12:19,4,6,0,10
2023-01-11T20:21:50,4,6,0,10
2023-01-11T20:31:20,4,6,0,10
2023-01-11T20:40:50,4,6,0,10
2023-01-11T20:50:21,4,6,0,10
2023-01-11T20:59:51,4,6,0,10
2023-01-11T21:09:21,4,6,0,10
2023-01-11T21:18:53,4,6,0,10
2023-01-11T21:28:32,4,6,0,10
2023-01-11T21:38:02,4,6,0,10
2023-01-11T21:47:33,4,6,0,10
2023-01-11T21:57:04,4,6,0,10
2023-01-11T22:06:36,4,6,0,10
2023-01-11T22:16:06,4,6,0,10
2023-01-11T22:25:37,4,6,0,10
2023-01-11T22:35:07,4,6,0,10
2023-01-11T22:44:48,4,6,0,10
2023-01-11T22:54:18,4,6,0,10
2023-01-11T23:03:48,4,6,0,10
2023-01-11T23:13:19,4,6,0,10
2023-01-11T23:22:50,4,6,0,10
2023-01-11T23:32:21,4,6,0,10
2023-01-11T23:41:52,4,6,0,10
2023-01-11T23:51:22,4,6,0,10
2023-01-12T00:00:54,4,6,0,10
2023-01-12T00:10:26,4,6,0,10
2023-01-12T00:20:10,4,6,0,10
2023-01-12T00:29:43,4,6,0,10
2023-01-12T00:39:21,4,6,0,10
2023-01-12T00:48:55,4,6,0,10
2023-01-12T00:58:29,4,6,0,10
2023-01-12T01:08:00,4,6,0,10
2023-01-12T01:17:33,4,6,0,10
2023-01-12T01:27:04,4,6,0,10
2023-01-12T01:36:35,4,6,0,10
2023-01-12T01:46:07,4,6,0,10
2023-01-12T01:55:37,4,6,0,10
2023-01-12T02:05:08,4,6,0,10
2023-01-12T02:14:41,4,6,0,10
2023-01-12T02:24:10,4,6,0,10
2023-01-12T02:33:40,4,6,0,10
2023-01-12T02:43:09,4,6,0,10
2023-01-12T02:52:38,4,6,0,10
2023-01-12T03:02:08,4,6,0,10
2023-01-12T03:11:37,4,6,0,10
2023-01-12T03:21:06,4,6,0,10
2023-01-12T03:30:37,4,6,0,10
2023-01-12T03:40:12,4,6,0,10
2023-01-12T03:49:46,4,6,0,10
2023-01-12T03:59:19,4,6,0,10
2023-01-12T04:08:53,4,6,0,10
2023-01-12T04:31:46,4,6,0,10
2023-01-12T04:41:57,4,6,0,10
2023-01-12T04:51:31,4,6,0,10
2023-01-12T05:01:03,4,6,0,10
2023-01-12T05:10:36,4,6,0,10
2023-01-12T05:20:07,4,6,0,10
2023-01-12T05:29:38,4,6,0,10
2023-01-12T05:39:11,4,6,0,10
2023-01-12T05:48:43,4,6,0,10
2023-01-12T05:58:16,4,6,0,10
2023-01-12T06:07:51,4,6,0,10
2023-01-12T06:17:23,4,6,0,10
2023-01-12T06:26:57,4,6,0,10
2023-01-12T06:36:32,4,6,0,10
2023-01-12T06:46:07,4,6,0,10
2023-01-12T06:55:40,4,6,0,10
2023-01-12T07:05:13,4,6,0,10
2023-01-12T07:14:46,4,6,0,10
2023-01-12T07:24:18,4,6,0,10
2023-01-12T07:33:51,4,6,0,10
2023-01-12T07:43:26,4,6,0,10
2023-01-12T07:52:59,4,6,0,10
2023-01-12T08:02:33,4,6,0,10
2023-01-12T08:12:10,4,6,0,10
2023-01-12T08:21:44,4,6,0,10
2023-01-12T08:31:24,4,6,0,10
2023-01-12T08:41:12,4,6,0,10
2023-01-12T08:50:50,4,6,0,10
2023-01-12T09:00:33,4,6,0,10
2023-01-12T09:10:14,4,6,0,10
2023-01-12T09:19:53,4,6,0,10
2023-01-12T09:29:40,4,6,0,10
2023-01-12T09:39:20,4,6,0,10
2023-01-12T09:48:58,4,6,0,10
2023-01-12T09:58:54,4,6,0,10
2023-01-12T10:08:41,4,6,0,10
2023-01-12T10:18:23,4,6,0,10
2023-01-12T10:28:05,4,6,0,10
2023-01-12T10:37:58,4,6,0,10
2023-01-12T10:47:47,4,6,0,10
2023-01-12T10:57:25,4,6,0,10
2023-01-12T11:07:11,4,6,0,10
2023-01-12T11:16:56,4,6,0,10
2023-01-12T11:26:49,4,6,0,10
2023-01-12T11:36:30,4,6,0,10
2023-01-12T11:46:11,4,6,0,10
2023-01-12T11:55:55,4,6,0,10
2023-01-12T12:05:49,4,6,0,10
2023-01-12T12:15:26,4,6,0,10
2023-01-12T12:25:06,4,6,0,10
2023-01-12T12:34:53,4,6,0,10
2023-01-12T12:44:35,4,6,0,10
2023-01-12T12:54:30,4,6,0,10
2023-01-12T13:04:17,4,6,0,10
2023-01-12T13:14:06,4,6,0,10
2023-01-12T13:23:53,4,6,0,10
2023-01-12T13:33:45,4,6,0,10
2023-01-12T13:43:28,4,6,0,10
2023-01-12T13:53:12,4,6,0,10
2023-01-12T14:02:55,4,6,0,10
2023-01-12T14:12:47,4,6,0,10
2023-01-12T14:22:28,4,6,0,10
2023-01-12T14:32:06,4,6,0,10
2023-01-12T14:41:46,4,6,0,10
2023-01-12T14:51:35,4,6,0,10
2023-01-12T15:01:23,4,6,0,10
2023-01-12T15:11:06,4,6,0,10
2023-01-12T15:20:56,4,6,0,10
2023-01-12T15:30:49,4,6,0,10
2023-01-12T15:40:27,4,6,0,10
2023-01-12T15:50:07,4,6,0,10
2023-01-12T15:59:45,4,6,0,10
2023-01-12T16:09:39,4,6,0,10
2023-01-12T16:19:14,4,6,0,10
2023-01-12T16:28:49,4,6,0,10
2023-01-12T16:38:26,4,6,0,10
2023-01-12T16:48:09,4,6,0,10
2023-01-12T16:57:49,4,6,0,10
2023-01-12T17:07:24,4,6,0,10
2023-01-12T17:16:59,4,6,0,10
2023-01-12T17:26:51,4,6,0,10
2023-01-12T17:36:31,4,6,0,10
2023-01-12T17:46:17,4,6,0,10
2023-01-12T17:56:07,4,6,0,10
2023-01-12T18:05:59,4,6,0,10
2023-01-12T18:15:59,4,6,0,10
2023-01-12T18:25:49,4,6,0,10
2023-01-12T18:35:40,4,6,0,10
2023-01-12T18:45:27,4,6,0,10
2023-01-12T18:55:21,4,6,0,10
2023-01-12T19:05:12,4,6,0,10
2023-01-12T19:14:57,4,6,0,10
2023-01-12T19:24:37,4,6,0,10
2023-01-12T19:34:27,4,6,0,10
2023-01-12T19:44:08,4,6,0,10
2023-01-12T19:53:48,4,6,0,10
2023-01-12T20:03:27,4,6,0,10
2023-01-12T20:13:07,4,6,0,10
2023-01-12T20:22:49,4,6,0,10
2023-01-12T20:32:26,4,6,0,10
2023-01-12T20:42:01,4,6,0,10
2023-01-12T20:51:36,4,6,0,10
2023-01-12T21:01:18,4,6,0,10
2023-01-12T21:10:56,4,6,0,10
2023-01-12T21:20:26,4,6,0,10
2023-01-12T21:30:04,4,6,0,10
2023-01-12T21:39:36,4,6,0,10
2023-01-12T21:49:07,4,6,0,10
2023-01-12T21:58:39,4,6,0,10
2023-01-12T22:08:12,4,6,0,10
2023-01-12T22:17:45,4,6,0,10
2023-01-12T22:27:28,4,6,0,10
2023-01-12T22:37:00,4,6,0,10
2023-01-12T22:46:31,4,6,0,10
2023-01-12T22:56:02,4,6,0,10
2023-01-12T23:05:34,4,6,0,10
2023-01-12T23:15:05,4,6,0,10
2023-01-12T23:24:37,4,6,0,10
2023-01-12T23:34:07,4,6,0,10
2023-01-12T23:43:38,4,6,0,10
2023-01-12T23:53:09,4,6,0,10
2023-01-13T00:02:40,4,6,0,10
2023-01-13T00:12:29,4,6,0,10
2023-01-13T00:22:02,4,6,0,10
2023-01-13T00:31:36,4,6,0,10
2023-01-13T00:41:09,4,6,0,10
2023-01-13T00:50:42,4,6,0,10
2023-01-13T01:00:16,4,6,0,10
2023-01-13T01:09:49,4,6,0,10
2023-01-13T01:19:22,4,6,0,10
2023-01-13T01:29:01,4,6,0,10
2023-01-13T01:38:33,4,6,0,10
2023-01-13T01:48:05,4,6,0,10
2023-01-13T01:57:38,4,6,0,10
2023-01-13T02:07:10,4,6,0,10
2023-01-13T02:16:44,4,6,0,10
2023-01-13T02:26:19,4,6,0,10
2023-01-13T02:35:53,4,6,0,10
2023-01-13T02:45:29,4,6,0,10
2023-01-13T02:55:05,4,6,0,10
2023-01-13T03:04:41,4,6,0,10
2023-01-13T03:14:14,4,6,0,10
2023-01-13T03:23:48,4,6,0,10
2023-01-13T03:33:23,4,6,0,10
2023-01-13T03:42:58,4,6,0,10
2023-01-13T03:52:33,4,6,0,10
2023-01-13T04:02:09,4,6,0,10
2023-01-13T04:28:02,4,6,0,10
2023-01-13T04:37:53,4,6,0,10
2023-01-13T04:47:30,4,6,0,10
2023-01-13T04:57:05,4,6,0,10
2023-01-13T05:06:36,4,6,0,10
2023-01-13T05:16:08,4,6,0,10
2023-01-13T05:25:39,4,6,0,10
2023-01-13T05:35:13,4,6,0,10
2023-01-13T05:44:47,4,6,0,10
2023-01-13T05:54:23,4,6,0,10
2023-01-13T06:03:56,4,6,0,10
2023-01-13T06:13:30,4,6,0,10
2023-01-13T06:23:07,4,6,0,10
2023-01-13T06:32:44,4,6,0,10
2023-01-13T06:42:17,4,6,0,10
2023-01-13T06:51:49,4,6,0,10
2023-01-13T07:01:21,4,6,0,10
2023-01-13T07:10:57,4,6,0,10
2023-01-13T07:20:35,4,6,0,10
2023-01-13T07:30:12,4,6,0,10
2023-01-13T07:39:50,4,6,0,10
2023-01-13T07:49:25,4,6,0,10
2023-01-13T07:59:00,4,6,0,10
2023-01-13T08:08:38,4,6,0,10
2023-01-13T08:18:14,4,6,0,10
2023-01-13T08:27:56,4,6,0,10
2023-01-13T08:37:44,4,6,0,10
2023-01-13T08:47:31,4,6,0,10
2023-01-13T08:57:07,4,6,0,10
2023-01-13T09:06:49,4,6,0,10
2023-01-13T09:16:29,4,6,0,10
2023-01-13T09:26:09,4,6,0,10
2023-01-13T09:35:49,4,6,0,10
2023-01-13T09:45:40,4,6,0,10
2023-01-13T09:55:35,4,6,0,10
2023-01-13T10:05:22,4,6,0,10
2023-01-13T10:15:02,4,6,0,10
2023-01-13T10:24:53,4,6,0,10
2023-01-13T10:34:37,4,6,0,10
2023-01-13T10:44:25,4,6,0,10
2023-01-13T10:54:04,4,6,0,10
2023-01-13T11:03:49,4,6,0,10
2023-01-13T11:13:45,4,6,0,10
2023-01-13T11:23:29,4,6,0,10
2023-01-13T11:33:11,4,6,0,10
2023-01-13T11:42:53,4,6,0,10
2023-01-13T11:52:42,4,6,0,10
2023-01-13T12:02:32,4,6,0,10
2023-01-13T12:12:17,4,6,0,10
2023-01-13T12:21:57,4,6,0,10
2023-01-13T12:31:47,4,6,0,10
2023-01-13T12:41:31,4,6,0,10
2023-01-13T12:51:19,4,6,0,10
2023-01-13T13:01:01,4,6,0,10
2023-01-13T13:10:48,4,6,0,10
2023-01-13T13:20:29,4,6,0,10
2023-01-13T13:30:22,4,6,0,10
2023-01-13T13:40:06,4,6,0,10
2023-01-13T13:49:53,4,6,0,10
2023-01-13T13:59:43,4,6,0,10
2023-01-13T14:09:22,4,6,0,10
2023-01-13T14:19:07,4,6,0,10
2023-01-13T14:29:02,4,6,0,10
2023-01-13T14:38:46,4,6,0,10
2023-01-13T14:48:25,4,6,0,10
2023-01-13T14:58:07,4,6,0,10
2023-01-13T15:07:48,4,6,0,10
2023-01-13T15:17:29,4,6,0,10
2023-01-13T15:27:20,4,6,0,10
2023-01-13T15:36:55,4,6,0,10
2023-01-13T15:46:33,4,6,0,10
2023-01-13T15:56:16,4,6,0,10
2023-01-13T16:05:57,4,6,0,10
2023-01-13T16:15:33,4,6,0,10
2023-01-13T16:25:08,4,6,0,10
2023-01-13T16:34:53,4,6,0,10
2023-01-13T16:44:29,4,6,0,10
2023-01-13T16:54:03,4,6,0,10
2023-01-13T17:03:39,4,6,0,10
2023-01-13T17:13:12,4,6,0,10
2023-01-13T17:22:44,4,6,0,10
2023-01-13T17:32:19,4,6,0,10
2023-01-13T17:41:53,4,6,0,10
2023-01-13T17:51:26,4,6,0,10
2023-01-13T18:00:57,4,6,0,10
2023-01-13T18:10:43,5,5,0,10
2023-01-13T18:20:15,5,5,0,10
2023-01-13T18:29:50,5,5,0,10
2023-01-13T18:39:22,5,5,0,10
2023-01-13T18:48:54,5,5,0,10
2023-01-13T18:58:25,5,5,0,10
2023-01-13T19:07:56,5,5,0,10
2023-01-13T19:17:27,5,5,0,10
2023-01-13T19:26:58,5,5,0,10
2023-01-13T19:36:29,5,5,0,10
2023-01-13T19:46:00,5,5,0,10
2023-01-13T19:55:32,5,5,0,10
2023-01-13T20:05:04,5,5,0,10
2023-01-13T20:14:36,5,5,0,10
2023-01-13T20:24:18,5,5,0,10
2023-01-13T20:33:48,5,5,0,10
2023-01-13T20:43:20,5,5,0,10
2023-01-13T20:52:51,5,5,0,10
2023-01-13T21:02:23,5,5,0,10
2023-01-13T21:11:53,5,5,0,10
2023-01-13T21:21:25,5,5,0,10
2023-01-13T21:30:55,5,5,0,10
2023-01-13T21:40:29,5,5,0,10
2023-01-13T21:50:00,5,5,0,10
2023-01-13T22:03:50,5,5,0,10
2023-01-13T22:13:50,5,5,0,10
2023-01-13T22:23:47,5,5,0,10
2023-01-13T22:33:48,5,5,0,10
2023-01-13T22:43:45,5,5,0,10
2023-01-13T22:53:42,5,5,0,10
2023-01-13T23:03:43,5,5,0,10
2023-01-13T23:13:52,5,5,0,10
2023-01-13T23:23:49,5,5,0,10
2023-01-13T23:33:48,5,5,0,10
2023-01-13T23:43:47,5,5,0,10
2023-01-13T23:53:48,5,5,0,10
2023-01-14T00:03:46,5,5,0,10
2023-01-14T00:13:47,5,5,0,10
2023-01-14T00:23:48,5,5,0,10
2023-01-14T00:33:50,5,5,0,10
2023-01-14T00:43:51,5,5,0,10
2023-01-14T00:53:51,5,5,0,10
2023-01-14T01:03:52,5,5,0,10
2023-01-14T01:13:52,5,5,0,10
2023-01-14T01:23:52,5,5,0,10
2023-01-14T01:33:56,5,5,0,10
2023-01-14T01:43:54,5,5,0,10
2023-01-14T01:53:50,5,5,0,10
2023-01-14T02:03:52,5,5,0,10
2023-01-14T02:13:56,5,5,0,10
2023-01-14T02:23:55,5,5,0,10
2023-01-14T02:33:52,5,5,0,10
2023-01-14T02:43:52,5,5,0,10
2023-01-14T02:53:49,5,5,0,10
2023-01-14T03:03:45,5,5,0,10
2023-01-14T03:13:42,5,5,0,10
2023-01-14T03:23:39,5,5,0,10
2023-01-14T03:33:39,5,5,0,10
2023-01-14T03:43:37,5,5,0,10
2023-01-14T03:53:36,5,5,0,10
2023-01-14T04:03:35,5,5,0,10
2023-01-14T04:33:23,5,5,0,10
2023-01-14T04:44:46,5,5,0,10
2023-01-14T04:54:52,5,5,0,10
2023-01-14T05:04:48,5,5,0,10
2023-01-14T05:14:45,5,5,0,10
2023-01-14T05:24:43,5,5,0,10
2023-01-14T05:34:39,5,5,0,10
2023-01-14T05:44:35,5,5,0,10
2023-01-14T05:54:34,5,5,0,10
2023-01-14T06:04:36,5,5,0,10
2023-01-14T06:14:35,5,5,0,10
2023-01-14T06:24:37,5,5,0,10
2023-01-14T06:34:35,5,5,0,10
2023-01-14T06:44:33,5,5,0,10
2023-01-14T06:55:00,5,5,0,10
2023-01-14T07:05:01,5,5,0,10
2023-01-14T07:15:06,5,5,0,10
2023-01-14T07:25:10,5,5,0,10
2023-01-14T07:35:12,5,5,0,10
2023-01-14T07:45:14,5,5,0,10
2023-01-14T07:55:18,5,5,0,10
2023-01-14T08:05:20,5,5,0,10
2023-01-14T08:15:22,5,5,0,10
2023-01-14T08:25:23,5,5,0,10
2023-01-14T08:35:26,5,5,0,10
2023-01-14T08:45:34,5,5,0,10
2023-01-14T08:55:40,5,5,0,10
2023-01-14T09:05:50,5,5,0,10
2023-01-14T09:15:53,5,5,0,10
2023-01-14T09:25:56,5,5,0,10
2023-01-14T09:36:03,5,5,0,10
2023-01-14T09:46:06,5,5,0,10
2023-01-14T09:56:18,5,5,0,10
2023-01-14T10:06:22,5,5,0,10
2023-01-14T10:16:24,5,5,0,10
2023-01-14T10:26:29,5,5,0,10
2023-01-14T10:36:30,5,5,0,10
2023-01-14T10:46:48,5,5,0,10
2023-01-14T10:56:57,5,5,0,10
2023-01-14T11:07:02,5,5,0,10
2023-01-14T11:17:03,5,5,0,10
2023-01-14T11:27:08,5,5,0,10
2023-01-14T11:37:11,5,5,0,10
2023-01-14T11:47:12,5,5,0,10
2023-01-14T11:57:14,5,5,0,10
2023-01-14T12:07:16,5,5,0,10
2023-01-14T12:17:18,5,5,0,10
2023-01-14T12:27:20,5,5,0,10
2023-01-14T12:37:24,5,5,0,10
2023-01-14T12:47:28,5,5,0,10
2023-01-14T12:57:35,5,5,0,10
2023-01-14T13:07:36,5,5,0,10
2023-01-14T13:17:39,5,5,0,10
2023-01-14T13:27:38,5,5,0,10
2023-01-14T13:37:42,5,5,0,10
2023-01-14T13:47:44,5,5,0,10
2023-01-14T13:57:52,5,5,0,10
2023-01-14T14:07:52,5,5,0,10
2023-01-14T14:17:57,5,5,0,10
2023-01-14T14:28:01,5,5,0,10
2023-01-14T14:38:00,5,5,0,10
2023-01-14T14:47:59,5,5,0,10
2023-01-14T14:57:57,5,5,0,10
2023-01-14T15:07:55,5,5,0,10
2023-01-14T15:17:53,5,5,0,10
2023-01-14T15:27:50,5,5,0,10
2023-01-14T15:37:48,5,5,0,10
2023-01-14T15:47:55,5,5,0,10
2023-01-14T15:57:52,5,5,0,10
2023-01-14T16:07:49,5,5,0,10
2023-01-14T16:17:53,5,5,0,10
2023-01-14T16:27:50,5,5,0,10
2023-01-14T16:37:47,5,5,0,10
2023-01-14T16:47:43,5,5,0,10
2023-01-14T16:57:39,5,5,0,10
2023-01-14T17:07:36,5,5,0,10
2023-01-14T17:17:33,5,5,0,10
2023-01-14T17:27:30,5,5,0,10
2023-01-14T17:37:27,5,5,0,10
2023-01-14T17:47:24,5,5,0,10
2023-01-14T17:57:21,5,5,0,10
2023-01-14T18:07:17,5,5,0,10
2023-01-14T18:17:14,5,5,0,10
2023-01-14T18:27:28,5,5,0,10
2023-01-14T18:37:24,5,5,0,10
2023-01-14T18:47:21,5,5,0,10
2023-01-14T18:57:18,5,5,0,10
2023-01-14T19:07:14,5,5,0,10
2023-01-14T19:17:13,5,5,0,10
2023-01-14T19:27:09,5,5,0,10
2023-01-14T19:37:05,5,5,0,10
2023-01-14T19:47:03,5,5,0,10
2023-01-14T19:57:02,5,5,0,10
2023-01-14T20:06:59,5,5,0,10
2023-01-14T20:16:59,5,5,0,10
2023-01-14T20:26:55,5,5,0,10
2023-01-14T20:36:52,5,5,0,10
2023-01-14T20:46:49,5,5,0,10
2023-01-14T20:56:48,5,5,0,10
2023-01-14T21:06:47,5,5,0,10
2023-01-14T21:16:43,5,5,0,10
2023-01-14T21:26:41,5,5,0,10
2023-01-14T21:36:41,5,5,0,10
2023-01-14T21:46:39,5,5,0,10
2023-01-14T21:56:46,5,5,0,10
2023-01-14T22:06:43,5,5,0,10
2023-01-14T22:16:43,5,5,0,10
2023-01-14T22:26:41,5,5,0,10
2023-01-14T22:36:41,5,5,0,10
2023-01-14T22:46:40,5,5,0,10
2023-01-14T22:56:38,5,5,0,10
2023-01-14T23:06:42,5,5,0,10
2023-01-14T23:16:39,5,5,0,10
2023-01-14T23:26:38,5,5,0,10
2023-01-14T23:36:35,5,5,0,10
2023-01-14T23:46:30,5,5,0,10
2023-01-14T23:56:29,5,5,0,10
2023-01-15T00:06:29,5,5,0,10
2023-01-15T00:16:27,5,5,0,10
2023-01-15T00:26:26,5,5,0,10
2023-01-15T00:36:25,5,5,0,10
2023-01-15T01:08:44,5,5,0,10
2023-01-15T01:18:44,5,5,0,10
2023-01-15T01:28:45,5,5,0,10
2023-01-15T01:39:07,5,5,0,10
2023-01-15T01:49:05,5,5,0,10
2023-01-15T01:59:05,5,5,0,10
2023-01-15T02:09:04,5,5,0,10
2023-01-15T02:19:07,5,5,0,10
2023-01-15T02:29:05,5,5,0,10
2023-01-15T02:39:02,5,5,0,10
2023-01-15T02:49:00,5,5,0,10
2023-01-15T02:58:57,5,5,0,10
2023-01-15T03:08:55,5,5,0,10
2023-01-15T03:18:54,5,5,0,10
2023-01-15T03:28:54,5,5,0,10
2023-01-15T03:38:54,5,5,0,10
2023-01-15T03:48:54,5,5,0,10
2023-01-15T03:58:54,5,5,0,10
2023-01-15T04:08:56,5,5,0,10
2023-01-15T04:34:51,5,5,0,10
2023-01-15T04:45:07,5,5,0,10
2023-01-15T04:55:07,5,5,0,10
2023-01-15T05:05:04,5,5,0,10
2023-01-15T05:15:02,5,5,0,10
2023-01-15T05:24:59,5,5,0,10
2023-01-15T05:34:54,5,5,0,10
2023-01-15T05:44:51,5,5,0,10
2023-01-15T05:54:49,5,5,0,10
2023-01-15T06:04:49,5,5,0,10
2023-01-15T06:14:51,5,5,0,10
2023-01-15T06:24:50,5,5,0,10
2023-01-15T06:34:48,5,5,0,10
2023-01-15T06:44:47,5,5,0,10
2023-01-15T06:54:47,5,5,0,10
2023-01-15T07:04:46,5,5,0,10
2023-01-15T07:14:44,5,5,0,10
2023-01-15T07:24:45,5,5,0,10
2023-01-15T07:34:45,5,5,0,10
2023-01-15T07:44:45,5,5,0,10
2023-01-15T07:54:43,5,5,0,10
2023-01-15T08:04:41,5,5,0,10
2023-01-15T08:14:40,5,5,0,10
2023-01-15T08:24:38,5,5,0,10
2023-01-15T08:34:37,5,5,0,10
2023-01-15T08:44:35,5,5,0,10
2023-01-15T08:54:34,5,5,0,10
2023-01-15T09:04:33,5,5,0,10
2023-01-15T09:14:32,5,5,0,10
2023-01-15T09:24:32,5,5,0,10
2023-01-15T09:34:31,5,5,0,10
2023-01-15T09:44:31,5,5,0,10
2023-01-15T09:54:30,5,5,0,10
2023-01-15T10:04:28,5,5,0,10
2023-01-15T10:14:33,5,5,0,10
2023-01-15T10:24:39,5,5,0,10
2023-01-15T10:34:44,5,5,0,10
2023-01-15T10:44:49,5,5,0,10
2023-01-15T10:54:56,5,5,0,10
2023-01-15T11:05:04,5,5,0,10
2023-01-15T11:15:09,5,5,0,10
2023-01-15T11:25:14,5,5,0,10
2023-01-15T11:35:20,5,5,0,10
2023-01-15T11:45:24,5,5,0,10
2023-01-15T11:55:26,5,5,0,10
2023-01-15T12:05:27,5,5,0,10
2023-01-15T12:15:25,5,5,0,10
2023-01-15T12:25:25,5,5,0,10
2023-01-15T12:35:23,5,5,0,10
2023-01-15T12:45:31,5,5,0,10
2023-01-15T12:55:29,5,5,0,10
2023-01-15T13:05:27,5,5,0,10
2023-01-15T13:15:25,5,5,0,10
2023-01-15T13:25:22,5,5,0,10
2023-01-15T13:35:18,5,5,0,10
2023-01-15T13:45:16,5,5,0,10
2023-01-15T13:55:14,5,5,0,10
2023-01-15T14:05:11,5,5,0,10
2023-01-15T14:15:08,5,5,0,10
2023-01-15T14:25:05,5,5,0,10
2023-01-15T14:35:01,5,5,0,10
2023-01-15T14:44:58,5,5,0,10
2023-01-15T14:54:55,5,5,0,10
2023-01-15T15:04:52,5,5,0,10
2023-01-15T15:15:00,5,5,0,10
2023-01-15T15:24:59,5,5,0,10
2023-01-15T15:34:55,5,5,0,10
2023-01-15T15:44:53,5,5,0,10
2023-01-15T15:54:50,5,5,0,10
2023-01-15T16:04:48,5,5,0,10
2023-01-15T16:14:45,5,5,0,10
2023-01-15T16:24:42,5,5,0,10
2023-01-15T16:34:40,5,5,0,10
2023-01-15T16:44:38,5,5,0,10
2023-01-15T16:54:34,5,5,0,10
2023-01-15T17:04:31,5,5,0,10
2023-01-15T17:14:28,5,5,0,10
2023-01-15T17:24:25,5,5,0,10
2023-01-15T17:34:23,5,5,0,10
2023-01-15T17:44:30,5,5,0,10
2023-01-15T17:54:27,5,5,0,10
2023-01-15T18:04:24,5,5,0,10
2023-01-15T18:14:20,5,5,0,10
2023-01-15T18:24:17,5,5,0,10
2023-01-15T18:34:14,5,5,0,10
2023-01-15T18:44:10,5,5,0,10
2023-01-15T18:54:08,5,5,0,10
2023-01-15T19:04:07,5,5,0,10
2023-01-15T19:14:05,5,5,0,10
2023-01-15T19:24:02,5,5,0,10
2023-01-15T19:34:00,5,5,0,10
2023-01-15T19:43:58,5,5,0,10
2023-01-15T19:53:54,5,5,0,10
2023-01-15T20:03:52,5,5,0,10
2023-01-15T20:13:49,5,5,0,10
2023-01-15T20:23:58,5,5,0,10
2023-01-15T20:33:56,5,5,0,10
2023-01-15T20:43:52,5,5,0,10
2023-01-15T20:53:48,5,5,0,10
2023-01-15T21:03:44,5,5,0,10
2023-01-15T21:13:41,5,5,0,10
2023-01-15T21:23:37,5,5,0,10
2023-01-15T21:33:34,5,5,0,10
2023-01-15T21:43:30,5,5,0,10
2023-01-15T21:53:27,5,5,0,10
2023-01-15T22:03:23,5,5,0,10
2023-01-15T22:13:20,5,5,0,10
2023-01-15T22:23:17,5,5,0,10
2023-01-15T22:33:16,5,5,0,10
2023-01-15T22:43:13,5,5,0,10
2023-01-15T22:53:19,5,5,0,10
2023-01-15T23:03:16,5,5,0,10
2023-01-15T23:13:12,5,5,0,10
2023-01-15T23:23:09,5,5,0,10
2023-01-15T23:33:07,5,5,0,10
2023-01-15T23:43:04,5,5,0,10
2023-01-15T23:53:01,5,5,0,10
2023-01-16T00:03:00,5,5,0,10
2023-01-16T00:13:02,5,5,0,10
2023-01-16T00:23:02,5,5,0,10
2023-01-16T00:33:06,5,5,0,10
2023-01-16T00:43:06,5,5,0,10
2023-01-16T00:53:05,5,5,0,10
2023-01-16T01:03:04,5,5,0,10
2023-01-16T01:13:03,5,5,0,10
2023-01-16T01:22:59,5,5,0,10
2023-01-16T01:32:56,5,5,0,10
2023-01-16T01:42:58,5,5,0,10
2023-01-16T01:53:00,5,5,0,10
2023-01-16T02:03:03,5,5,0,10
2023-01-16T02:13:04,5,5,0,10
2023-01-16T02:23:02,5,5,0,10
2023-01-16T02:33:00,5,5,0,10
2023-01-16T02:42:59,5,5,0,10
2023-01-16T02:52:56,5,5,0,10
2023-01-16T03:02:54,5,5,0,10
2023-01-16T03:12:53,5,5,0,10
2023-01-16T03:22:53,5,5,0,10
2023-01-16T03:32:52,5,5,0,10
2023-01-16T03:43:03,5,5,0,10
2023-01-16T03:53:04,5,5,0,10
2023-01-16T04:03:03,5,5,0,10
2023-01-16T04:22:21,5,5,0,10
2023-01-16T04:32:21,5,5,0,10
2023-01-16T04:43:39,5,5,0,10
2023-01-16T04:53:57,5,5,0,10
2023-01-16T05:03:55,5,5,0,10
2023-01-16T05:13:51,5,5,0,10
2023-01-16T05:23:49,5,5,0,10
2023-01-16T05:33:48,5,5,0,10
2023-01-16T05:43:45,5,5,0,10
2023-01-16T05:53:44,5,5,0,10
2023-01-16T06:03:47,5,5,0,10
2023-01-16T06:13:48,5,5,0,10
2023-01-16T06:23:49,5,5,0,10
2023-01-16T06:33:48,5,5,0,10
2023-01-16T06:43:45,5,5,0,10
2023-01-16T06:53:42,5,5,0,10
2023-01-16T07:03:40,5,5,0,10
2023-01-16T07:13:39,5,5,0,10
2023-01-16T07:23:37,5,5,0,10
2023-01-16T07:33:36,5,5,0,10
2023-01-16T07:43:34,5,5,0,10
2023-01-16T07:53:32,5,5,0,10
2023-01-16T08:03:30,5,5,0,10
2023-01-16T08:13:28,5,5,0,10
2023-01-16T08:23:26,5,5,0,10
2023-01-16T08:33:25,5,5,0,10
2023-01-16T08:43:23,5,5,0,10
2023-01-16T08:53:21,5,5,0,10
2023-01-16T09:03:22,5,5,0,10
2023-01-16T09:13:19,5,5,0,10
2023-01-16T09:23:17,5,5,0,10
2023-01-16T09:33:18,5,5,0,10
2023-01-16T09:43:16,5,5,0,10
2023-01-16T09:53:16,5,5,0,10
2023-01-16T10:03:16,5,5,0,10
2023-01-16T10:13:15,5,5,0,10
2023-01-16T10:23:13,5,5,0,10
2023-01-16T10:33:14,5,5,0,10
2023-01-16T10:43:11,5,5,0,10
2023-01-16T10:53:09,5,5,0,10
2023-01-16T11:03:08,5,5,0,10
2023-01-16T11:13:05,5,5,0,10
2023-01-16T11:23:03,5,5,0,10
2023-01-16T11:33:02,5,5,0,10
2023-01-16T11:43:08,5,5,0,10
2023-01-16T11:53:07,5,5,0,10
2023-01-16T12:03:07,5,5,0,10
2023-01-16T12:13:07,5,5,0,10
2023-01-16T12:23:06,5,5,0,10
2023-01-16T12:33:05,5,5,0,10
2023-01-16T12:43:03,5,5,0,10
2023-01-16T12:53:03,5,5,0,10
2023-01-16T13:03:00,5,5,0,10
2023-01-16T13:12:59,5,5,0,10
2023-01-16T13:22:57,5,5,0,10
2023-01-16T13:32:55,5,5,0,10
2023-01-16T13:42:55,5,5,0,10
2023-01-16T13:52:54,5,5,0,10
2023-01-16T14:02:53,5,5,0,10
2023-01-16T14:12:52,5,5,0,10
2023-01-16T14:23:02,5,5,0,10
2023-01-16T14:33:02,5,5,0,10
2023-01-16T14:43:01,5,5,0,10
2023-01-16T14:53:02,5,5,0,10
2023-01-16T15:03:01,5,5,0,10
2023-01-16T15:13:00,5,5,0,10
2023-01-16T15:23:05,5,5,0,10
2023-01-16T15:33:09,5,5,0,10
2023-01-16T15:43:12,5,5,0,10
2023-01-16T15:53:11,5,5,0,10
2023-01-16T16:03:10,5,5,0,10
2023-01-16T16:13:12,5,5,0,10
2023-01-16T16:23:22,5,5,0,10
2023-01-16T16:33:33,5,5,0,10
2023-01-16T16:43:32,5,5,0,10
2023-01-16T16:53:35,5,5,0,10
2023-01-16T17:03:34,5,5,0,10
2023-01-16T17:13:36,5,5,0,10
2023-01-16T17:23:34,5,5,0,10
2023-01-16T17:33:32,5,5,0,10
2023-01-16T17:43:29,5,5,0,10
2023-01-16T17:53:27,5,5,0,10
2023-01-16T18:03:24,5,5,0,10
2023-01-16T18:13:23,5,5,0,10
2023-01-16T18:23:19,5,5,0,10
2023-01-16T18:33:28,5,5,0,10
2023-01-16T18:43:25,5,5,0,10
2023-01-16T18:53:26,5,5,0,10
2023-01-16T19:03:23,5,5,0,10
2023-01-16T19:13:20,5,5,0,10
2023-01-16T19:23:19,5,5,0,10
2023-01-16T19:33:17,5,5,0,10
2023-01-16T19:43:14,5,5,0,10
2023-01-16T19:53:12,5,5,0,10
2023-01-16T20:03:08,5,5,0,10
2023-01-16T20:13:07,5,5,0,10
2023-01-16T20:23:06,5,5,0,10
2023-01-16T20:33:15,5,5,0,10
2023-01-16T20:43:13,5,5,0,10
2023-01-16T20:53:10,5,5,0,10
2023-01-16T21:03:09,5,5,0,10
2023-01-16T21:13:08,5,5,0,10
2023-01-16T21:23:06,5,5,0,10
2023-01-16T21:33:03,5,5,0,10
2023-01-16T21:43:00,5,5,0,10
2023-01-16T21:52:59,5,5,0,10
2023-01-16T22:02:56,5,5,0,10
2023-01-16T22:12:53,5,5,0,10
2023-01-16T22:23:00,5,5,0,10
2023-01-16T22:32:58,5,5,0,10
2023-01-16T22:42:55,5,5,0,10
2023-01-16T22:53:10,5,5,0,10
2023-01-16T23:03:08,5,5,0,10
2023-01-16T23:13:06,5,5,0,10
2023-01-16T23:23:06,5,5,0,10
2023-01-16T23:33:03,5,5,0,10
2023-01-16T23:43:04,5,5,0,10
2023-01-16T23:53:17,5,5,0,10
2023-01-17T00:03:16,5,5,0,10
2023-01-17T00:13:15,5,5,0,10
2023-01-17T00:23:16,5,5,0,10
2023-01-17T00:33:24,5,5,0,10
2023-01-17T00:43:24,5,5,0,10
2023-01-17T00:53:23,5,5,0,10
2023-01-17T01:03:25,5,5,0,10
2023-01-17T01:13:24,5,5,0,10
2023-01-17T01:23:23,5,5,0,10
2023-01-17T01:33:21,5,5,0,10
2023-01-17T01:43:22,5,5,0,10
2023-01-17T01:53:21,5,5,0,10
2023-01-17T02:03:21,5,5,0,10
2023-01-17T02:13:28,5,5,0,10
2023-01-17T02:23:31,5,5,0,10
2023-01-17T02:33:30,5,5,0,10
2023-01-17T02:43:29,5,5,0,10
2023-01-17T02:53:28,5,5,0,10
2023-01-17T03:03:25,5,5,0,10
2023-01-17T03:13:28,5,5,0,10
2023-01-17T03:23:32,5,5,0,10
2023-01-17T03:33:31,5,5,0,10
2023-01-17T03:43:32,5,5,0,10
2023-01-17T03:53:33,5,5,0,10
2023-01-17T04:03:32,5,5,0,10
2023-01-17T04:13:32,5,5,0,10
2023-01-17T04:33:44,5,5,0,10
2023-01-17T04:44:02,5,5,0,10
2023-01-17T04:54:02,5,5,0,10
2023-01-17T05:03:59,5,5,0,10
2023-01-17T05:13:59,5,5,0,10
2023-01-17T05:23:58,5,5,0,10
2023-01-17T05:33:55,5,5,0,10
2023-01-17T05:43:52,5,5,0,10
2023-01-17T05:53:52,5,5,0,10
2023-01-17T06:03:54,5,5,0,10
2023-01-17T06:13:54,5,5,0,10
2023-01-17T06:24:08,5,5,0,10
2023-01-17T06:34:07,5,5,0,10
2023-01-17T06:44:10,5,5,0,10
2023-01-17T06:54:11,5,5,0,10
2023-01-17T07:04:11,5,5,0,10
2023-01-17T07:14:17,5,5,0,10
2023-01-17T07:24:24,5,5,0,10
2023-01-17T07:34:39,5,5,0,10
2023-01-17T07:44:53,5,5,0,10
2023-01-17T07:55:07,5,5,0,10
2023-01-17T08:05:12,5,5,0,10
2023-01-17T08:15:24,5,5,0,10
2023-01-17T08:25:38,5,5,0,10
2023-01-17T08:35:51,5,5,0,10
2023-01-17T08:46:07,5,5,0,10
2023-01-17T08:56:17,5,5,0,10
2023-01-17T09:06:35,5,5,0,10
2023-01-17T09:16:47,5,5,0,10
2023-01-17T09:27:21,5,5,0,10
2023-01-17T09:37:30,5,5,0,10
2023-01-17T09:47:56,5,5,0,10
2023-01-17T09:58:14,5,5,0,10
2023-01-17T10:08:24,5,5,0,10
2023-01-17T10:18:44,5,5,0,10
2023-01-17T10:28:56,5,5,0,10
2023-01-17T10:39:14,5,5,0,10
2023-01-17T10:49:26,5,5,0,10
2023-01-17T10:59:37,5,5,0,10
2023-01-17T11:09:45,5,5,0,10
2023-01-17T11:20:08,5,5,0,10
2023-01-17T11:30:24,5,5,0,10
2023-01-17T11:40:38,5,5,0,10
2023-01-17T11:51:09,5,5,0,10
2023-01-17T12:01:29,5,5,0,10
2023-01-17T12:11:40,5,5,0,10
2023-01-17T12:22:06,5,5,0,10
2023-01-17T12:32:21,5,5,0,10
2023-01-17T12:42:34,5,5,0,10
2023-01-17T12:52:41,5,5,0,10
2023-01-17T13:02:44,5,5,0,10
2023-01-17T13:12:54,5,5,0,10
2023-01-17T13:23:20,5,5,0,10
2023-01-17T13:33:34,5,5,0,10
2023-01-17T13:44:01,5,5,0,10
2023-01-17T13:54:12,5,5,0,10
2023-01-17T14:04:30,5,5,0,10
2023-01-17T14:14:42,5,5,0,10
2023-01-17T14:25:03,5,5,0,10
2023-01-17T14:35:26,5,5,0,10
2023-01-17T14:45:34,5,5,0,10
2023-01-17T14:55:43,5,5,0,10
2023-01-17T15:05:52,5,5,0,10
2023-01-17T15:16:01,5,5,0,10
2023-01-17T15:26:18,5,5,0,10
2023-01-17T15:36:41,5,5,0,10
2023-01-17T15:46:54,5,5,0,10
2023-01-17T15:57:09,5,5,0,10
2023-01-17T16:07:17,5,5,0,10
2023-01-17T16:17:27,5,5,0,10
2023-01-17T16:27:32,5,5,0,10
2023-01-17T16:37:44,5,5,0,10
2023-01-17T16:47:49,5,5,0,10
2023-01-17T16:57:51,5,5,0,10
2023-01-17T17:07:53,5,5,0,10
2023-01-17T17:17:54,5,5,0,10
2023-01-17T17:27:57,5,5,0,10
2023-01-17T17:38:11,5,5,0,10
2023-01-17T17:48:10,5,5,0,10
2023-01-17T17:58:09,5,5,0,10
2023-01-17T18:08:08,5,5,0,10
2023-01-17T18:18:07,5,5,0,10
2023-01-17T18:28:05,5,5,0,10
2023-01-17T18:38:04,5,5,0,10
2023-01-17T18:48:13,5,5,0,10
2023-01-17T18:58:14,5,5,0,10
2023-01-17T19:08:14,5,5,0,10
2023-01-17T19:18:16,5,5,0,10
2023-01-17T19:28:14,5,5,0,10
2023-01-17T19:38:12,5,5,0,10
2023-01-17T19:48:11,5,5,0,10
2023-01-17T19:58:12,5,5,0,10
2023-01-17T20:08:15,5,5,0,10
2023-01-17T20:18:15,5,5,0,10
2023-01-17T20:28:24,5,5,0,10
2023-01-17T20:38:25,5,5,0,10
2023-01-17T20:48:23,5,5,0,10
2023-01-17T20:58:22,5,5,0,10
2023-01-17T21:08:28,5,5,0,10
2023-01-17T21:18:27,5,5,0,10
2023-01-17T21:28:25,5,5,0,10
2023-01-17T21:38:24,5,5,0,10
2023-01-17T21:48:33,5,5,0,10
2023-01-17T21:58:32,5,5,0,10
2023-01-17T22:08:35,5,5,0,10
2023-01-17T22:18:33,5,5,0,10
2023-01-17T22:28:32,5,5,0,10
2023-01-17T22:38:32,5,5,0,10
2023-01-17T22:48:30,5,5,0,10
2023-01-17T22:58:30,5,5,0,10
2023-01-17T23:08:29,5,5,0,10
2023-01-17T23:18:28,5,5,0,10
2023-01-17T23:28:28,5,5,0,10
2023-01-17T23:38:38,5,5,0,10
2023-01-17T23:48:36,5,5,0,10
2023-01-17T23:58:34,5,5,0,10
2023-01-18T00:08:36,5,5,0,10
2023-01-18T00:18:37,5,5,0,10
2023-01-18T00:28:36,5,5,0,10
2023-01-18T00:38:36,5,5,0,10
2023-01-18T00:48:34,5,5,0,10
2023-01-18T00:58:34,5,5,0,10
2023-01-18T01:08:33,5,5,0,10
2023-01-18T01:18:33,5,5,0,10
2023-01-18T01:28:31,5,5,0,10
2023-01-18T01:38:31,5,5,0,10
2023-01-18T01:48:26,5,5,0,10
2023-01-18T01:58:22,5,5,0,10
2023-01-18T02:08:20,5,5,0,10
2023-01-18T02:18:25,5,5,0,10
2023-01-18T02:28:30,5,5,0,10
2023-01-18T02:38:35,5,5,0,10
2023-01-18T02:48:47,5,5,0,10
2023-01-18T02:58:49,5,5,0,10
2023-01-18T03:08:49,5,5,0,10
2023-01-18T03:18:49,5,5,0,10
2023-01-18T03:28:49,5,5,0,10
2023-01-18T03:38:51,5,5,0,10
2023-01-18T03:48:53,5,5,0,10
2023-01-18T03:58:54,5,5,0,10
2023-01-18T04:08:54,5,5,0,10
2023-01-18T04:33:20,5,5,0,10
2023-01-18T04:43:37,5,5,0,10
2023-01-18T04:53:39,5,5,0,10
2023-01-18T05:03:39,5,5,0,10
2023-01-18T05:13:38,5,5,0,10
2023-01-18T05:23:35,5,5,0,10
2023-01-18T05:33:32,5,5,0,10
2023-01-18T05:43:29,5,5,0,10
2023-01-18T05:53:28,5,5,0,10
2023-01-18T06:03:30,5,5,0,10
2023-01-18T06:13:33,5,5,0,10
2023-01-18T06:23:34,5,5,0,10
2023-01-18T06:33:33,5,5,0,10
2023-01-18T06:43:32,5,5,0,10
2023-01-18T06:53:31,5,5,0,10
2023-01-18T07:03:35,5,5,0,10
2023-01-18T07:13:37,5,5,0,10
2023-01-18T07:23:38,5,5,0,10
2023-01-18T07:33:39,5,5,0,10
2023-01-18T07:43:43,5,5,0,10
2023-01-18T07:53:45,5,5,0,10
2023-01-18T08:03:49,5,5,0,10
2023-01-18T08:13:51,5,5,0,10
2023-01-18T08:23:56,5,5,0,10
2023-01-18T08:34:01,5,5,0,10
2023-01-18T08:44:03,5,5,0,10
2023-01-18T08:54:08,5,5,0,10
2023-01-18T09:04:12,5,5,0,10
2023-01-18T09:14:15,5,5,0,10
2023-01-18T09:24:19,5,5,0,10
2023-01-18T09:34:31,5,5,0,10
2023-01-18T09:44:44,5,5,0,10
2023-01-18T09:54:49,5,5,0,10
2023-01-18T10:04:55,5,5,0,10
2023-01-18T10:15:13,5,5,0,10
2023-01-18T10:25:20,5,5,0,10
2023-01-18T10:35:23,5,5,0,10
2023-01-18T10:45:30,5,5,0,10
2023-01-18T10:55:44,5,5,0,10
2023-01-18T11:06:08,5,5,0,10
2023-01-18T11:16:22,5,5,0,10
2023-01-18T11:26:32,5,5,0,10
2023-01-18T11:36:40,5,5,0,10
2023-01-18T11:46:48,5,5,0,10
2023-01-18T11:57:07,5,5,0,10
2023-01-18T12:07:19,5,5,0,10
2023-01-18T12:17:33,5,5,0,10
2023-01-18T12:27:44,5,5,0,10
2023-01-18T12:37:55,5,5,0,10
2023-01-18T12:48:14,5,5,0,10
2023-01-18T12:58:22,5,5,0,10
2023-01-18T13:08:26,5,5,0,10
2023-01-18T13:18:52,5,5,0,10
2023-01-18T13:28:58,5,5,0,10
2023-01-18T13:39:03,5,5,0,10
2023-01-18T13:49:09,5,5,0,10
2023-01-18T13:59:34,5,5,0,10
2023-01-18T14:09:50,5,5,0,10
2023-01-18T14:19:59,5,5,0,10
2023-01-18T14:30:04,5,5,0,10
2023-01-18T14:40:10,5,5,0,10
2023-01-18T14:50:15,5,5,0,10
2023-01-18T15:00:30,5,5,0,10
2023-01-18T15:10:45,5,5,0,10
2023-01-18T15:20:54,5,5,0,10
2023-01-18T15:31:06,5,5,0,10
2023-01-18T15:41:08,5,5,0,10
2023-01-18T15:51:12,5,5,0,10
2023-01-18T16:01:19,5,5,0,10
2023-01-18T16:11:37,5,5,0,10
2023-01-18T16:21:40,5,5,0,10
2023-01-18T16:31:41,5,5,0,10
2023-01-18T16:41:42,5,5,0,10
2023-01-18T16:51:44,5,5,0,10
2023-01-18T17:01:45,5,5,0,10
2023-01-18T17:11:47,5,5,0,10
2023-01-18T17:21:47,5,5,0,10
2023-01-18T17:31:58,5,5,0,10
2023-01-18T17:41:58,5,5,0,10
2023-01-18T17:51:56,5,5,0,10
2023-01-18T18:01:56,5,5,0,10
2023-01-18T18:11:55,5,5,0,10
2023-01-18T18:21:55,5,5,0,10
2023-01-18T18:31:55,5,5,0,10
2023-01-18T18:41:55,5,5,0,10
2023-01-18T18:51:54,5,5,0,10
2023-01-18T19:01:55,5,5,0,10
2023-01-18T19:11:54,5,5,0,10
2023-01-18T19:21:53,5,5,0,10
2023-01-18T19:31:51,5,5,0,10
2023-01-18T19:42:02,5,5,0,10
2023-01-18T19:52:02,5,5,0,10
2023-01-18T20:02:01,5,5,0,10
2023-01-18T20:12:01,5,5,0,10
2023-01-18T20:21:59,5,5,0,10
2023-01-18T20:31:57,5,5,0,10
2023-01-18T20:41:56,5,5,0,10
2023-01-18T20:51:54,5,5,0,10
2023-01-18T21:01:53,5,5,0,10
2023-01-18T21:11:53,5,5,0,10
2023-01-18T21:21:51,5,5,0,10
2023-01-18T21:31:53,5,5,0,10
2023-01-18T21:42:02,5,5,0,10
2023-01-18T21:52:01,5,5,0,10
2023-01-18T22:01:59,5,5,0,10
2023-01-18T22:11:57,5,5,0,10
2023-01-18T22:21:56,5,5,0,10
2023-01-18T22:31:55,5,5,0,10
2023-01-18T22:41:54,5,5,0,10
2023-01-18T22:51:53,5,5,0,10
2023-01-18T23:01:52,5,5,0,10
2023-01-18T23:11:50,5,5,0,10
2023-01-18T23:21:49,5,5,0,10
2023-01-18T23:32:00,5,5,0,10
2023-01-18T23:41:59,5,5,0,10
2023-01-18T23:51:58,5,5,0,10
2023-01-19T00:01:57,5,5,0,10
2023-01-19T00:12:00,5,5,0,10
2023-01-19T00:22:02,5,5,0,10
2023-01-19T00:32:01,5,5,0,10
2023-01-19T00:42:02,5,5,0,10
2023-01-19T00:52:04,5,5,0,10
2023-01-19T01:02:05,5,5,0,10
2023-01-19T01:12:04,5,5,0,10
2023-01-19T01:22:05,5,5,0,10
2023-01-19T01:32:13,5,5,0,10
2023-01-19T01:42:11,5,5,0,10
2023-01-19T01:52:08,5,5,0,10
2023-01-19T02:02:06,5,5,0,10
2023-01-19T02:12:05,5,5,0,10
2023-01-19T02:22:04,5,5,0,10
2023-01-19T02:32:03,5,5,0,10
2023-01-19T02:42:01,5,5,0,10
2023-01-19T02:52:00,5,5,0,10
2023-01-19T03:01:58,5,5,0,10
2023-01-19T03:11:56,5,5,0,10
2023-01-19T03:21:53,5,5,0,10
2023-01-19T03:31:52,5,5,0,10
2023-01-19T03:41:53,5,5,0,10
2023-01-19T03:51:57,5,5,0,10
2023-01-19T04:01:59,5,5,0,10
2023-01-19T04:12:01,5,5,0,10
2023-01-19T04:39:48,5,5,0,10
2023-01-19T04:50:08,5,5,0,10
2023-01-19T05:00:09,5,5,0,10
2023-01-19T05:10:11,5,5,0,10
2023-01-19T05:20:09,5,5,0,10
2023-01-19T05:30:08,5,5,0,10
2023-01-19T05:40:05,5,5,0,10
2023-01-19T05:50:04,5,5,0,10
2023-01-19T06:00:06,5,5,0,10
2023-01-19T06:10:14,5,5,0,10
2023-01-19T06:20:18,5,5,0,10
2023-01-19T06:30:20,5,5,0,10
2023-01-19T06:40:23,5,5,0,10
2023-01-19T06:50:25,5,5,0,10
2023-01-19T07:00:29,5,5,0,10
2023-01-19T07:10:32,5,5,0,10
2023-01-19T07:20:37,5,5,0,10
2023-01-19T07:30:41,5,5,0,10
2023-01-19T07:40:45,5,5,0,10
2023-01-19T07:50:48,5,5,0,10
2023-01-19T08:00:52,5,5,0,10
2023-01-19T08:10:56,5,5,0,10
2023-01-19T08:21:02,5,5,0,10
2023-01-19T08:31:15,5,5,0,10
2023-01-19T08:41:19,5,5,0,10
2023-01-19T08:51:22,5,5,0,10
2023-01-19T09:01:29,5,5,0,10
2023-01-19T09:11:36,5,5,0,10
2023-01-19T09:21:42,5,5,0,10
2023-01-19T09:31:51,5,5,0,10
2023-01-19T09:41:56,5,5,0,10
2023-01-19T09:52:14,5,5,0,10
2023-01-19T10:02:23,5,5,0,10
2023-01-19T10:12:30,5,5,0,10
2023-01-19T10:22:34,5,5,0,10
2023-01-19T10:32:39,5,5,0,10
2023-01-19T10:43:01,5,5,0,10
2023-01-19T10:53:12,5,5,0,10
2023-01-19T11:03:24,5,5,0,10
2023-01-19T11:13:30,5,5,0,10
2023-01-19T11:23:38,5,5,0,10
2023-01-19T11:33:42,5,5,0,10
2023-01-19T11:44:04,5,5,0,10
2023-01-19T11:54:13,5,5,0,10
2023-01-19T12:04:24,5,5,0,10
2023-01-19T12:14:32,5,5,0,10
2023-01-19T12:24:37,5,5,0,10
2023-01-19T12:35:02,5,5,0,10
2023-01-19T12:45:07,5,5,0,10
2023-01-19T12:55:11,5,5,0,10
2023-01-19T13:05:31,5,5,0,10
2023-01-19T13:15:40,5,5,0,10
2023-01-19T13:26:02,5,5,0,10
2023-01-19T13:36:12,5,5,0,10
2023-01-19T13:46:19,5,5,0,10
2023-01-19T13:56:25,5,5,0,10
2023-01-19T14:06:32,5,5,0,10
2023-01-19T14:16:36,5,5,0,10
2023-01-19T14:26:54,5,5,0,10
2023-01-19T14:37:01,5,5,0,10
2023-01-19T14:47:06,5,5,0,10
2023-01-19T14:57:10,5,5,0,10
2023-01-19T15:07:19,5,5,0,10
2023-01-19T15:17:36,5,5,0,10
2023-01-19T15:27:42,5,5,0,10
2023-01-19T15:37:48,5,5,0,10
2023-01-19T15:47:51,5,5,0,10
2023-01-19T15:57:54,5,5,0,10
2023-01-19T16:07:58,5,5,0,10
2023-01-19T16:18:15,5,5,0,10
2023-01-19T16:28:19,5,5,0,10
2023-01-19T16:38:20,5,5,0,10
2023-01-19T16:48:22,5,5,0,10
2023-01-19T16:58:31,5,5,0,10
2023-01-19T17:08:44,5,5,0,10
2023-01-19T17:18:46,5,5,0,10
2023-01-19T17:28:49,5,5,0,10
2023-01-19T17:38:51,5,5,0,10
2023-01-19T17:48:52,5,5,0,10
2023-01-19T17:58:53,5,5,0,10
2023-01-19T18:09:05,5,5,0,10
2023-01-19T18:19:06,5,5,0,10
2023-01-19T18:29:07,5,5,0,10
2023-01-19T18:39:07,5,5,0,10
2023-01-19T18:49:06,5,5,0,10
2023-01-19T18:59:06,5,5,0,10
2023-01-19T19:09:05,5,5,0,10
2023-01-19T19:19:05,5,5,0,10
2023-01-19T19:29:05,5,5,0,10
2023-01-19T19:39:15,5,5,0,10
2023-01-19T19:49:15,5,5,0,10
2023-01-19T19:59:15,5,5,0,10
2023-01-19T20:09:15,5,5,0,10
2023-01-19T20:19:15,5,5,0,10
2023-01-19T20:29:25,5,5,0,10
2023-01-19T20:39:24,5,5,0,10
2023-01-19T20:49:34,5,5,0,10
2023-01-19T20:59:34,5,5,0,10
2023-01-19T21:09:34,5,5,0,10
2023-01-19T21:19:34,5,5,0,10
2023-01-19T21:29:33,5,5,0,10
2023-01-19T21:39:32,5,5,0,10
2023-01-19T21:49:31,5,5,0,10
2023-01-19T21:59:31,5,5,0,10
2023-01-19T22:09:42,5,5,0,10
2023-01-19T22:19:42,5,5,0,10
2023-01-19T22:29:41,5,5,0,10
2023-01-19T22:39:42,5,5,0,10
2023-01-19T22:49:40,5,5,0,10
2023-01-19T22:59:40,5,5,0,10
2023-01-19T23:09:40,5,5,0,10
2023-01-19T23:19:51,5,5,0,10
2023-01-19T23:29:50,5,5,0,10
2023-01-19T23:39:50,5,5,0,10
2023-01-19T23:49:49,5,5,0,10
2023-01-19T23:59:48,5,5,0,10
2023-01-20T00:09:48,5,5,0,10
2023-01-20T00:19:53,5,5,0,10
2023-01-20T00:29:52,5,5,0,10
2023-01-20T00:40:12,5,5,0,10
2023-01-20T00:50:14,5,5,0,10
2023-01-20T01:00:16,5,5,0,10
2023-01-20T01:10:29,5,5,0,10
2023-01-20T01:20:31,5,5,0,10
2023-01-20T01:30:32,5,5,0,10
2023-01-20T01:40:33,5,5,0,10
2023-01-20T01:50:33,5,5,0,10
2023-01-20T02:00:34,5,5,0,10
2023-01-20T02:10:36,5,5,0,10
2023-01-20T02:20:37,5,5,0,10
2023-01-20T02:30:40,5,5,0,10
2023-01-20T02:40:41,5,5,0,10
2023-01-20T02:50:42,5,5,0,10
2023-01-20T03:00:41,5,5,0,10
2023-01-20T03:10:41,5,5,0,10
2023-01-20T03:20:41,5,5,0,10
2023-01-20T03:30:42,5,5,0,10
2023-01-20T03:40:44,5,5,0,10
2023-01-20T03:50:45,5,5,0,10
2023-01-20T04:00:47,5,5,0,10
2023-01-20T04:10:50,5,5,0,10
2023-01-20T04:33:35,5,5,0,10
2023-01-20T04:44:25,5,5,0,10
2023-01-20T04:54:26,5,5,0,10
2023-01-20T05:04:26,5,5,0,10
2023-01-20T05:14:25,5,5,0,10
2023-01-20T05:24:24,5,5,0,10
2023-01-20T05:34:24,5,5,0,10
2023-01-20T05:44:22,5,5,0,10
2023-01-20T05:54:22,5,5,0,10
2023-01-20T06:04:23,5,5,0,10
2023-01-20T06:14:26,5,5,0,10
2023-01-20T06:24:28,5,5,0,10
2023-01-20T06:34:28,5,5,0,10
2023-01-20T06:44:28,5,5,0,10
2023-01-20T06:54:28,5,5,0,10
2023-01-20T07:04:32,5,5,0,10
2023-01-20T07:14:34,5,5,0,10
2023-01-20T07:24:35,5,5,0,10
2023-01-20T07:34:39,5,5,0,10
2023-01-20T07:44:42,5,5,0,10
2023-01-20T07:54:43,5,5,0,10
2023-01-20T08:04:47,5,5,0,10
2023-01-20T08:14:52,5,5,0,10
2023-01-20T08:24:56,5,5,0,10
2023-01-20T08:35:00,5,5,0,10
2023-01-20T08:45:03,5,5,0,10
2023-01-20T08:55:06,5,5,0,10
2023-01-20T09:05:12,5,5,0,10
2023-01-20T09:15:33,5,5,0,10
2023-01-20T09:25:37,5,5,0,10
2023-01-20T09:35:50,5,5,0,10
2023-01-20T09:45:56,5,5,0,10
2023-01-20T09:56:02,5,5,0,10
2023-01-20T10:06:17,5,5,0,10
2023-01-20T10:16:30,5,5,0,10
2023-01-20T10:26:48,5,5,0,10
2023-01-20T10:36:55,5,5,0,10
2023-01-20T10:47:02,5,5,0,10
2023-01-20T10:57:09,5,5,0,10
2023-01-20T11:07:16,5,5,0,10
2023-01-20T11:17:20,5,5,0,10
2023-01-20T11:27:26,5,5,0,10
2023-01-20T11:37:50,5,5,0,10
2023-01-20T11:47:55,5,5,0,10
2023-01-20T11:58:02,5,5,0,10
2023-01-20T12:08:12,5,5,0,10
2023-01-20T12:18:30,5,5,0,10
2023-01-20T12:28:47,5,5,0,10
2023-01-20T12:38:53,5,5,0,10
2023-01-20T12:48:57,5,5,0,10
2023-01-20T12:59:01,5,5,0,10
2023-01-20T13:09:10,6,4,0,10
2023-01-20T13:19:19,6,4,0,10
2023-01-20T13:29:38,6,4,0,10
2023-01-20T13:39:44,6,4,0,10
2023-01-20T13:49:50,6,4,0,10
2023-01-20T14:00:02,6,4,0,10
2023-01-20T14:10:13,6,4,0,10
2023-01-20T14:20:44,6,4,0,10
2023-01-20T14:30:57,6,4,0,10
2023-01-20T14:41:07,6,4,0,10
2023-01-20T14:51:19,6,4,0,10
2023-01-20T15:01:28,6,4,0,10
2023-01-20T15:11:34,6,4,0,10
2023-01-20T15:21:51,6,4,0,10
2023-01-20T15:31:57,6,4,0,10
2023-01-20T15:42:00,6,4,0,10
2023-01-20T15:52:05,6,4,0,10
2023-01-20T16:02:10,6,4,0,10
2023-01-20T16:12:17,6,4,0,10
2023-01-20T16:22:26,6,4,0,10
2023-01-20T16:32:39,6,4,0,10
2023-01-20T16:42:42,6,4,0,10
2023-01-20T16:52:44,6,4,0,10
2023-01-20T17:02:56,6,4,0,10
2023-01-20T17:12:59,6,4,0,10
2023-01-20T17:23:01,6,4,0,10
2023-01-20T17:33:03,6,4,0,10
2023-01-20T17:43:03,6,4,0,10
2023-01-20T17:53:06,6,4,0,10
2023-01-20T18:03:07,6,4,0,10
2023-01-20T18:13:07,6,4,0,10
2023-01-20T18:23:26,6,4,0,10
2023-01-20T18:33:27,6,4,0,10
2023-01-20T18:43:26,6,4,0,10
2023-01-20T18:53:26,6,4,0,10
2023-01-20T19:03:26,6,4,0,10
2023-01-20T19:13:26,6,4,0,10
2023-01-20T19:23:26,6,4,0,10
2023-01-20T19:33:26,6,4,0,10
2023-01-20T19:43:26,6,4,0,10
2023-01-20T19:53:26,6,4,0,10
2023-01-20T20:03:25,6,4,0,10
2023-01-20T20:13:25,6,4,0,10
2023-01-20T20:23:25,6,4,0,10
2023-01-20T20:33:35,6,4,0,10
2023-01-20T20:43:34,6,4,0,10
2023-01-20T20:53:33,6,4,0,10
2023-01-20T21:03:33,6,4,0,10
2023-01-20T21:13:32,6,4,0,10
2023-01-20T21:23:30,6,4,0,10
2023-01-20T21:33:30,6,4,0,10
2023-01-20T21:43:30,6,4,0,10
2023-01-20T21:53:29,6,4,0,10
2023-01-20T22:03:28,6,4,0,10
2023-01-20T22:13:30,6,4,0,10
2023-01-20T22:23:29,6,4,0,10
2023-01-20T22:33:28,6,4,0,10
2023-01-20T22:43:50,6,4,0,10
2023-01-20T22:53:49,6,4,0,10
2023-01-20T23:03:48,6,4,0,10
2023-01-20T23:13:48,6,4,0,10
2023-01-20T23:23:48,6,4,0,10
2023-01-20T23:33:47,6,4,0,10
2023-01-20T23:43:47,6,4,0,10
2023-01-20T23:53:46,6,4,0,10
2023-01-21T00:03:49,6,4,0,10
2023-01-21T00:13:51,6,4,0,10
2023-01-21T00:23:56,6,4,0,10
2023-01-21T00:33:57,6,4,0,10
2023-01-21T00:44:13,6,4,0,10
2023-01-21T00:54:16,6,4,0,10
2023-01-21T01:04:19,6,4,0,10
2023-01-21T01:14:23,6,4,0,10
2023-01-21T01:24:23,6,4,0,10
2023-01-21T01:34:23,6,4,0,10
2023-01-21T01:44:21,6,4,0,10
2023-01-21T01:54:20,6,4,0,10
2023-01-21T02:04:19,6,4,0,10
2023-01-21T02:14:18,6,4,0,10
2023-01-21T02:24:15,6,4,0,10
2023-01-21T02:34:15,6,4,0,10
2023-01-21T02:44:13,6,4,0,10
2023-01-21T02:54:12,6,4,0,10
2023-01-21T03:04:10,6,4,0,10
2023-01-21T03:14:08,6,4,0,10
2023-01-21T03:24:06,6,4,0,10
2023-01-21T03:34:03,6,4,0,10
2023-01-21T03:44:03,6,4,0,10
2023-01-21T03:54:04,6,4,0,10
2023-01-21T04:04:04,6,4,0,10
2023-01-21T04:22:20,6,4,0,10
2023-01-21T04:33:23,6,4,0,10
2023-01-21T04:43:53,6,4,0,10
2023-01-21T04:53:52,6,4,0,10
2023-01-21T05:03:53,6,4,0,10
2023-01-21T05:13:52,6,4,0,10
2023-01-21T05:23:50,6,4,0,10
2023-01-21T05:33:48,6,4,0,10
2023-01-21T05:43:46,6,4,0,10
2023-01-21T05:53:46,6,4,0,10
2023-01-21T06:03:47,6,4,0,10
2023-01-21T06:13:49,6,4,0,10
2023-01-21T06:23:51,6,4,0,10
2023-01-21T06:33:55,6,4,0,10
2023-01-21T06:44:13,6,4,0,10
2023-01-21T06:54:17,6,4,0,10
2023-01-21T07:04:22,6,4,0,10
2023-01-21T07:14:26,6,4,0,10
2023-01-21T07:24:29,6,4,0,10
2023-01-21T07:34:33,6,4,0,10
2023-01-21T07:44:37,6,4,0,10
2023-01-21T07:54:41,6,4,0,10
2023-01-21T08:04:45,6,4,0,10
2023-01-21T08:14:48,6,4,0,10
2023-01-21T08:24:51,6,4,0,10
2023-01-21T08:34:59,6,4,0,10
2023-01-21T08:45:02,6,4,0,10
2023-01-21T08:55:05,6,4,0,10
2023-01-21T09:05:13,6,4,0,10
2023-01-21T09:15:16,6,4,0,10
2023-01-21T09:25:18,6,4,0,10
2023-01-21T09:35:25,6,4,0,10
2023-01-21T09:45:27,6,4,0,10
2023-01-21T09:55:30,6,4,0,10
2023-01-21T10:05:33,6,4,0,10
2023-01-21T10:15:35,6,4,0,10
2023-01-21T10:25:47,6,4,0,10
2023-01-21T10:35:48,6,4,0,10
2023-01-21T10:45:52,6,4,0,10
2023-01-21T10:55:53,6,4,0,10
2023-01-21T11:05:56,6,4,0,10
2023-01-21T11:15:56,6,4,0,10
2023-01-21T11:25:57,6,4,0,10
2023-01-21T11:35:58,6,4,0,10
2023-01-21T11:45:59,6,4,0,10
2023-01-21T11:56:00,6,4,0,10
2023-01-21T12:06:00,6,4,0,10
2023-01-21T12:16:01,6,4,0,10
2023-01-21T12:26:09,6,4,0,10
2023-01-21T12:36:09,6,4,0,10
2023-01-21T12:46:18,6,4,0,10
2023-01-21T12:56:21,6,4,0,10
2023-01-21T13:06:21,6,4,0,10
2023-01-21T13:16:22,6,4,0,10
2023-01-21T13:26:32,6,4,0,10
2023-01-21T13:36:32,6,4,0,10
2023-01-21T13:46:33,6,4,0,10
2023-01-21T13:56:35,6,4,0,10
2023-01-21T14:06:36,6,4,0,10
2023-01-21T14:16:36,6,4,0,10
2023-01-21T14:26:39,6,4,0,10
2023-01-21T14:36:40,6,4,0,10
2023-01-21T14:46:43,6,4,0,10
2023-01-21T14:56:44,6,4,0,10
2023-01-21T15:06:45,6,4,0,10
2023-01-21T15:16:46,6,4,0,10
2023-01-21T15:26:49,6,4,0,10
2023-01-21T15:36:50,6,4,0,10
2023-01-21T15:46:56,6,4,0,10
2023-01-21T15:56:56,6,4,0,10
2023-01-21T16:06:58,6,4,0,10
2023-01-21T16:16:58,6,4,0,10
2023-01-21T16:27:05,6,4,0,10
2023-01-21T16:37:25,6,4,0,10
2023-01-21T16:47:25,6,4,0,10
2023-01-21T16:57:23,6,4,0,10
2023-01-21T17:07:26,6,4,0,10
2023-01-21T17:17:28,6,4,0,10
2023-01-21T17:27:26,6,4,0,10
2023-01-21T17:37:24,6,4,0,10
2023-01-21T17:47:23,6,4,0,10
2023-01-21T17:57:24,6,4,0,10
2023-01-21T18:07:23,6,4,0,10
2023-01-21T18:17:22,6,4,0,10
2023-01-21T18:27:22,6,4,0,10
2023-01-21T18:37:21,6,4,0,10
2023-01-21T18:47:19,6,4,0,10
2023-01-21T18:57:18,6,4,0,10
2023-01-21T19:07:18,6,4,0,10
2023-01-21T19:17:28,6,4,0,10
2023-01-21T19:27:33,6,4,0,10
2023-01-21T19:37:32,6,4,0,10
2023-01-21T19:47:31,6,4,0,10
2023-01-21T19:57:29,6,4,0,10
2023-01-21T20:07:32,6,4,0,10
2023-01-21T20:17:32,6,4,0,10
2023-01-21T20:27:31,6,4,0,10
2023-01-21T20:37:30,6,4,0,10
2023-01-21T20:47:29,6,4,0,10
2023-01-21T20:57:27,6,4,0,10
2023-01-21T21:07:25,6,4,0,10
2023-01-21T21:17:24,6,4,0,10
2023-01-21T21:27:22,6,4,0,10
2023-01-21T21:37:20,6,4,0,10
2023-01-21T21:47:18,6,4,0,10
2023-01-21T21:57:16,6,4,0,10
2023-01-21T22:07:14,6,4,0,10
2023-01-21T22:17:12,6,4,0,10
2023-01-21T22:27:09,6,4,0,10
2023-01-21T22:37:07,6,4,0,10
2023-01-21T22:47:06,6,4,0,10
2023-01-21T22:57:05,6,4,0,10
2023-01-21T23:07:05,6,4,0,10
2023-01-21T23:17:04,6,4,0,10
2023-01-21T23:27:13,6,4,0,10
2023-01-21T23:37:11,6,4,0,10
2023-01-21T23:47:12,6,4,0,10
2023-01-21T23:57:11,6,4,0,10
2023-01-22T00:07:10,6,4,0,10
2023-01-22T00:17:11,6,4,0,10
2023-01-22T00:27:11,6,4,0,10
2023-01-22T00:37:10,6,4,0,10
2023-01-22T00:47:09,6,4,0,10
2023-01-22T00:57:07,6,4,0,10
2023-01-22T01:07:06,6,4,0,10
2023-01-22T01:17:05,6,4,0,10
2023-01-22T01:27:03,6,4,0,10
2023-01-22T01:37:00,6,4,0,10
2023-01-22T01:46:58,6,4,0,10
2023-01-22T01:56:56,6,4,0,10
2023-01-22T02:06:55,6,4,0,10
2023-01-22T02:16:54,6,4,0,10
2023-01-22T02:26:54,6,4,0,10
2023-01-22T02:36:53,6,4,0,10
2023-01-22T02:46:58,6,4,0,10
2023-01-22T02:57:04,6,4,0,10
2023-01-22T03:07:05,6,4,0,10
2023-01-22T03:17:07,6,4,0,10
2023-01-22T03:27:09,6,4,0,10
2023-01-22T03:37:14,6,4,0,10
2023-01-22T03:47:18,6,4,0,10
2023-01-22T03:57:22,6,4,0,10
2023-01-22T04:07:25,6,4,0,10
2023-01-22T04:26:54,6,4,0,10
2023-01-22T04:37:14,6,4,0,10
2023-01-22T04:47:17,6,4,0,10
2023-01-22T04:57:20,6,4,0,10
2023-01-22T05:07:24,6,4,0,10
2023-01-22T05:17:25,6,4,0,10
2023-01-22T05:27:28,6,4,0,10
2023-01-22T05:37:29,6,4,0,10
2023-01-22T05:47:30,6,4,0,10
2023-01-22T05:57:32,6,4,0,10
2023-01-22T06:07:36,6,4,0,10
2023-01-22T06:17:39,6,4,0,10
2023-01-22T06:27:41,6,4,0,10
2023-01-22T06:37:41,6,4,0,10
2023-01-22T06:47:41,6,4,0,10
2023-01-22T06:57:40,6,4,0,10
2023-01-22T07:07:43,6,4,0,10
2023-01-22T07:17:43,6,4,0,10
2023-01-22T07:27:44,6,4,0,10
2023-01-22T07:37:45,6,4,0,10
2023-01-22T07:47:46,6,4,0,10
2023-01-22T07:57:46,6,4,0,10
2023-01-22T08:07:47,6,4,0,10
2023-01-22T08:17:48,6,4,0,10
2023-01-22T08:27:49,6,4,0,10
2023-01-22T08:37:50,6,4,0,10
2023-01-22T08:47:51,6,4,0,10
2023-01-22T08:57:51,6,4,0,10
2023-01-22T09:07:51,6,4,0,10
2023-01-22T09:17:51,6,4,0,10
2023-01-22T09:27:51,6,4,0,10
2023-01-22T09:37:58,6,4,0,10
2023-01-22T09:47:59,6,4,0,10
2023-01-22T09:58:05,6,4,0,10
2023-01-22T10:08:11,6,4,0,10
2023-01-22T10:18:20,6,4,0,10
2023-01-22T10:28:23,6,4,0,10
2023-01-22T10:38:24,6,4,0,10
2023-01-22T10:48:26,6,4,0,10
2023-01-22T10:58:26,6,4,0,10
2023-01-22T11:08:26,6,4,0,10
2023-01-22T11:18:29,6,4,0,10
2023-01-22T11:28:29,6,4,0,10
2023-01-22T11:38:31,6,4,0,10
2023-01-22T11:48:33,6,4,0,10
2023-01-22T11:58:35,6,4,0,10
2023-01-22T12:08:42,6,4,0,10
2023-01-22T12:18:42,6,4,0,10
2023-01-22T12:28:45,6,4,0,10
2023-01-22T12:38:46,6,4,0,10
2023-01-22T12:48:58,6,4,0,10
2023-01-22T12:58:58,6,4,0,10
2023-01-22T13:08:59,6,4,0,10
2023-01-22T13:19:02,6,4,0,10
2023-01-22T13:29:03,6,4,0,10
2023-01-22T13:39:08,6,4,0,10
2023-01-22T13:49:08,6,4,0,10
2023-01-22T13:59:08,6,4,0,10
2023-01-22T14:09:14,6,4,0,10
2023-01-22T14:19:14,6,4,0,10
2023-01-22T14:29:23,6,4,0,10
2023-01-22T14:39:23,6,4,0,10
2023-01-22T14:49:23,6,4,0,10
2023-01-22T14:59:31,6,4,0,10
2023-01-22T15:09:31,6,4,0,10
2023-01-22T15:19:31,6,4,0,10
2023-01-22T15:29:31,6,4,0,10
2023-01-22T15:39:31,6,4,0,10
2023-01-22T15:49:31,6,4,0,10
2023-01-22T15:59:33,6,4,0,10
2023-01-22T16:09:34,6,4,0,10
2023-01-22T16:19:34,6,4,0,10
2023-01-22T16:29:35,6,4,0,10
2023-01-22T16:39:36,6,4,0,10
2023-01-22T16:49:35,6,4,0,10
2023-01-22T16:59:35,6,4,0,10
2023-01-22T17:09:34,6,4,0,10
2023-01-22T17:19:44,6,4,0,10
2023-01-22T17:29:42,6,4,0,10
2023-01-22T17:39:42,6,4,0,10
2023-01-22T17:49:42,6,4,0,10
2023-01-22T17:59:43,6,4,0,10
2023-01-22T18:09:43,6,4,0,10
2023-01-22T18:19:42,6,4,0,10
2023-01-22T18:29:44,6,4,0,10
2023-01-22T18:39:44,6,4,0,10
2023-01-22T18:49:44,6,4,0,10
2023-01-22T18:59:44,6,4,0,10
2023-01-22T19:09:44,6,4,0,10
2023-01-22T19:19:53,6,4,0,10
2023-01-22T19:29:52,6,4,0,10
2023-01-22T19:39:51,6,4,0,10
2023-01-22T19:49:51,6,4,0,10
2023-01-22T19:59:50,6,4,0,10
2023-01-22T20:09:49,6,4,0,10
2023-01-22T20:19:48,6,4,0,10
2023-01-22T20:29:47,6,4,0,10
2023-01-22T20:39:46,6,4,0,10
2023-01-22T20:49:44,6,4,0,10
2023-01-22T20:59:43,6,4,0,10
2023-01-22T21:09:51,6,4,0,10
2023-01-22T21:19:49,6,4,0,10
2023-01-22T21:29:47,6,4,0,10
2023-01-22T21:39:47,6,4,0,10
2023-01-22T21:49:46,6,4,0,10
2023-01-22T21:59:45,6,4,0,10
2023-01-22T22:09:45,6,4,0,10
2023-01-22T22:19:46,6,4,0,10
2023-01-22T22:29:46,6,4,0,10
2023-01-22T22:39:46,6,4,0,10
2023-01-22T22:49:45,6,4,0,10
2023-01-22T22:59:43,6,4,0,10
2023-01-22T23:09:43,6,4,0,10
2023-01-22T23:19:52,6,4,0,10
2023-01-22T23:29:51,6,4,0,10
2023-01-22T23:39:50,6,4,0,10
2023-01-22T23:49:52,6,4,0,10
2023-01-22T23:59:53,6,4,0,10
2023-01-23T00:09:52,6,4,0,10
2023-01-23T00:19:52,6,4,0,10
2023-01-23T00:29:56,6,4,0,10
2023-01-23T00:40:06,6,4,0,10
2023-01-23T00:50:20,6,4,0,10
2023-01-23T01:00:28,6,4,0,10
2023-01-23T01:10:30,6,4,0,10
2023-01-23T01:20:33,6,4,0,10
2023-01-23T01:30:33,6,4,0,10
2023-01-23T01:40:35,6,4,0,10
2023-01-23T01:50:45,6,4,0,10
2023-01-23T02:00:46,6,4,0,10
2023-01-23T02:10:49,6,4,0,10
2023-01-23T02:20:52,6,4,0,10
2023-01-23T02:30:55,6,4,0,10
2023-01-23T02:40:55,6,4,0,10
2023-01-23T02:50:55,6,4,0,10
2023-01-23T03:00:55,6,4,0,10
2023-01-23T03:10:54,6,4,0,10
2023-01-23T03:20:54,6,4,0,10
2023-01-23T03:30:54,6,4,0,10
2023-01-23T03:40:57,6,4,0,10
2023-01-23T03:50:58,6,4,0,10
2023-01-23T04:01:00,6,4,0,10
2023-01-23T04:26:09,6,4,0,10
2023-01-23T04:36:11,6,4,0,10
2023-01-23T04:46:15,6,4,0,10
2023-01-23T04:56:15,6,4,0,10
2023-01-23T05:06:14,6,4,0,10
2023-01-23T05:16:13,6,4,0,10
2023-01-23T05:26:11,6,4,0,10
2023-01-23T05:36:09,6,4,0,10
2023-01-23T05:46:07,6,4,0,10
2023-01-23T05:56:08,6,4,0,10
2023-01-23T06:06:12,6,4,0,10
2023-01-23T06:16:15,6,4,0,10
2023-01-23T06:26:17,6,4,0,10
2023-01-23T06:36:18,6,4,0,10
2023-01-23T06:46:19,6,4,0,10
2023-01-23T06:56:19,6,4,0,10
2023-01-23T07:06:23,6,4,0,10
2023-01-23T07:16:23,6,4,0,10
2023-01-23T07:26:25,6,4,0,10
2023-01-23T07:36:27,6,4,0,10
2023-01-23T07:46:31,6,4,0,10
2023-01-23T07:56:33,6,4,0,10
2023-01-23T08:06:38,6,4,0,10
2023-01-23T08:16:41,6,4,0,10
2023-01-23T08:26:45,6,4,0,10
2023-01-23T08:36:48,6,4,0,10
2023-01-23T08:46:53,6,4,0,10
2023-01-23T08:57:00,6,4,0,10
2023-01-23T09:07:16,6,4,0,10
2023-01-23T09:17:24,6,4,0,10
2023-01-23T09:27:40,6,4,0,10
2023-01-23T09:37:44,6,4,0,10
2023-01-23T09:47:52,6,4,0,10
2023-01-23T09:57:57,6,4,0,10
2023-01-23T10:08:04,6,4,0,10
2023-01-23T10:18:14,6,4,0,10
2023-01-23T10:28:43,6,4,0,10
2023-01-23T10:38:57,6,4,0,10
2023-01-23T10:49:01,6,4,0,10
2023-01-23T10:59:08,6,4,0,10
2023-01-23T11:09:15,6,4,0,10
2023-01-23T11:19:19,6,4,0,10
2023-01-23T11:29:27,6,4,0,10
2023-01-23T11:39:31,6,4,0,10
2023-01-23T11:49:38,6,4,0,10
2023-01-23T11:59:54,6,4,0,10
2023-01-23T12:10:08,6,4,0,10
2023-01-23T12:20:13,6,4,0,10
2023-01-23T12:30:19,6,4,0,10
2023-01-23T12:40:23,6,4,0,10
2023-01-23T12:50:33,6,4,0,10
2023-01-23T13:00:41,6,4,0,10
2023-01-23T13:10:55,6,4,0,10
2023-01-23T13:21:00,6,4,0,10
2023-01-23T13:31:05,6,4,0,10
2023-01-23T13:41:15,6,4,0,10
2023-01-23T13:51:23,6,4,0,10
2023-01-23T14:01:28,6,4,0,10
2023-01-23T14:11:38,6,4,0,10
2023-01-23T14:21:56,6,4,0,10
2023-01-23T14:32:03,6,4,0,10
2023-01-23T14:42:10,6,4,0,10
2023-01-23T14:52:18,6,4,0,10
2023-01-23T15:02:31,6,4,0,10
2023-01-23T15:12:46,6,4,0,10
2023-01-23T15:22:56,6,4,0,10
2023-01-23T15:33:11,6,4,0,10
2023-01-23T15:43:14,6,4,0,10
2023-01-23T15:53:22,6,4,0,10
2023-01-23T16:03:41,6,4,0,10
2023-01-23T16:13:48,6,4,0,10
2023-01-23T16:24:06,6,4,0,10
2023-01-23T16:34:08,6,4,0,10
2023-01-23T16:44:12,6,4,0,10
2023-01-23T16:54:16,6,4,0,10
2023-01-23T17:04:18,6,4,0,10
2023-01-23T17:14:20,6,4,0,10
2023-01-23T17:24:22,6,4,0,10
2023-01-23T17:34:34,6,4,0,10
2023-01-23T17:44:37,6,4,0,10
2023-01-23T17:54:38,6,4,0,10
2023-01-23T18:04:40,6,4,0,10
2023-01-23T18:14:41,6,4,0,10
2023-01-23T18:24:42,6,4,0,10
2023-01-23T18:34:43,6,4,0,10
2023-01-23T18:44:43,6,4,0,10
2023-01-23T18:54:43,6,4,0,10
2023-01-23T19:04:52,6,4,0,10
2023-01-23T19:14:51,6,4,0,10
2023-01-23T19:24:50,6,4,0,10
2023-01-23T19:34:51,6,4,0,10
2023-01-23T19:44:52,6,4,0,10
2023-01-23T19:54:51,6,4,0,10
2023-01-23T20:04:51,6,4,0,10
2023-01-23T20:14:50,6,4,0,10
2023-01-23T20:25:00,6,4,0,10
2023-01-23T20:35:00,6,4,0,10
2023-01-23T20:45:00,6,4,0,10
2023-01-23T20:54:59,6,4,0,10
2023-01-23T21:04:58,6,4,0,10
2023-01-23T21:14:59,6,4,0,10
2023-01-23T21:24:58,6,4,0,10
2023-01-23T21:34:58,6,4,0,10
2023-01-23T21:44:58,6,4,0,10
2023-01-23T21:54:58,6,4,0,10
2023-01-23T22:04:57,6,4,0,10
2023-01-23T22:14:58,6,4,0,10
2023-01-23T22:25:07,6,4,0,10
2023-01-23T22:35:08,6,4,0,10
2023-01-23T22:45:07,6,4,0,10
2023-01-23T22:55:06,6,4,0,10
2023-01-23T23:05:06,6,4,0,10
2023-01-23T23:15:06,6,4,0,10
2023-01-23T23:25:05,6,4,0,10
2023-01-23T23:35:05,6,4,0,10
2023-01-23T23:45:04,6,4,0,10
2023-01-23T23:55:15,6,4,0,10
2023-01-24T00:05:16,6,4,0,10
2023-01-24T00:15:17,6,4,0,10
2023-01-24T00:25:20,6,4,0,10
2023-01-24T00:35:23,6,4,0,10
2023-01-24T00:45:26,6,4,0,10
2023-01-24T00:55:29,6,4,0,10
2023-01-24T01:05:31,6,4,0,10
2023-01-24T01:15:34,6,4,0,10
2023-01-24T01:25:34,6,4,0,10
2023-01-24T01:35:33,6,4,0,10
2023-01-24T01:45:33,6,4,0,10
2023-01-24T01:55:34,6,4,0,10
2023-01-24T02:05:33,6,4,0,10
2023-01-24T02:15:32,6,4,0,10
2023-01-24T02:25:30,6,4,0,10
2023-01-24T02:35:28,6,4,0,10
2023-01-24T02:45:26,6,4,0,10
2023-01-24T02:55:24,6,4,0,10
2023-01-24T03:05:21,6,4,0,10
2023-01-24T03:15:19,6,4,0,10
2023-01-24T03:25:16,6,4,0,10
2023-01-24T03:35:14,6,4,0,10
2023-01-24T03:45:16,6,4,0,10
2023-01-24T03:55:17,6,4,0,10
2023-01-24T04:05:18,6,4,0,10
2023-01-24T04:23:59,6,4,0,10
2023-01-24T04:34:06,6,4,0,10
2023-01-24T04:45:33,6,4,0,10
2023-01-24T04:55:56,6,4,0,10
2023-01-24T05:05:59,6,4,0,10
2023-01-24T05:16:00,6,4,0,10
2023-01-24T05:25:58,6,4,0,10
2023-01-24T05:35:58,6,4,0,10
2023-01-24T05:45:57,6,4,0,10
2023-01-24T05:55:58,6,4,0,10
2023-01-24T06:06:01,6,4,0,10
2023-01-24T06:16:02,6,4,0,10
2023-01-24T06:26:03,6,4,0,10
2023-01-24T06:36:05,6,4,0,10
2023-01-24T06:46:06,6,4,0,10
2023-01-24T06:56:07,6,4,0,10
2023-01-24T07:06:09,6,4,0,10
2023-01-24T07:16:07,6,4,0,10
2023-01-24T07:26:06,6,4,0,10
2023-01-24T07:36:06,6,4,0,10
2023-01-24T07:46:08,6,4,0,10
2023-01-24T07:56:08,6,4,0,10
2023-01-24T08:06:08,6,4,0,10
2023-01-24T08:16:07,6,4,0,10
2023-01-24T08:26:08,6,4,0,10
2023-01-24T08:36:08,6,4,0,10
2023-01-24T08:46:08,6,4,0,10
2023-01-24T08:56:08,6,4,0,10
2023-01-24T09:06:12,6,4,0,10
2023-01-24T09:16:14,6,4,0,10
2023-01-24T09:26:16,6,4,0,10
2023-01-24T09:36:48,6,4,0,10
2023-01-24T09:46:53,6,4,0,10
2023-01-24T11:05:32,6,4,0,10
2023-01-24T11:15:45,6,4,0,10
2023-01-24T11:36:33,6,4,0,10
2023-01-24T11:46:44,6,4,0,10
2023-01-24T11:57:04,6,4,0,10
2023-01-24T12:07:18,6,4,0,10
2023-01-24T12:17:27,6,4,0,10
2023-01-24T12:27:38,6,4,0,10
2023-01-24T12:37:41,6,4,0,10
2023-01-24T12:48:02,6,4,0,10
2023-01-24T12:58:07,6,4,0,10
2023-01-24T13:08:17,6,4,0,10
2023-01-24T13:18:27,6,4,0,10
2023-01-24T13:28:33,6,4,0,10
2023-01-24T13:38:37,6,4,0,10
2023-01-24T13:48:48,6,4,0,10
2023-01-24T13:59:09,6,4,0,10
2023-01-24T14:09:17,6,4,0,10
2023-01-24T14:19:24,6,4,0,10
2023-01-24T14:29:30,6,4,0,10
2023-01-24T14:39:43,6,4,0,10
2023-01-24T14:49:51,6,4,0,10
2023-01-24T14:59:57,6,4,0,10
2023-01-24T15:10:00,6,4,0,10
2023-01-24T15:20:31,6,4,0,10
2023-01-24T15:30:51,6,4,0,10
2023-01-24T15:40:57,6,4,0,10
2023-01-24T15:51:04,6,4,0,10
2023-01-24T16:01:08,6,4,0,10
2023-01-24T16:11:15,6,4,0,10
2023-01-24T16:21:26,6,4,0,10
2023-01-24T16:31:31,6,4,0,10
2023-01-24T16:41:33,6,4,0,10
2023-01-24T16:51:35,6,4,0,10
2023-01-24T17:01:47,6,4,0,10
2023-01-24T17:11:48,6,4,0,10
2023-01-24T17:21:52,6,4,0,10
2023-01-24T17:31:52,6,4,0,10
2023-01-24T17:41:52,6,4,0,10
2023-01-24T17:51:51,6,4,0,10
2023-01-24T18:01:51,6,4,0,10
2023-01-24T18:11:51,6,4,0,10
2023-01-24T18:21:51,6,4,0,10
2023-01-24T18:31:51,6,4,0,10
2023-01-24T18:41:51,6,4,0,10
2023-01-24T18:51:50,6,4,0,10
2023-01-24T19:01:50,6,4,0,10
2023-01-24T19:11:50,6,4,0,10
2023-01-24T19:21:49,6,4,0,10
2023-01-24T19:31:49,6,4,0,10
2023-01-24T19:41:50,6,4,0,10
2023-01-24T19:51:52,6,4,0,10
2023-01-24T20:01:52,6,4,0,10
2023-01-24T20:11:51,6,4,0,10
2023-01-24T20:21:52,6,4,0,10
2023-01-24T20:31:52,6,4,0,10
2023-01-24T20:41:52,6,4,0,10
2023-01-24T20:52:01,6,4,0,10
2023-01-24T21:02:00,6,4,0,10
2023-01-24T21:11:59,6,4,0,10
2023-01-24T21:21:58,6,4,0,10
2023-01-24T21:31:57,6,4,0,10
2023-01-24T21:41:55,6,4,0,10
2023-01-24T21:51:54,6,4,0,10
2023-01-24T22:01:54,6,4,0,10
2023-01-24T22:11:53,6,4,0,10
2023-01-24T22:21:52,6,4,0,10
2023-01-24T22:31:51,6,4,0,10
2023-01-24T22:41:50,6,4,0,10
2023-01-24T22:51:48,6,4,0,10
2023-01-24T23:01:47,6,4,0,10
2023-01-24T23:11:46,6,4,0,10
2023-01-24T23:21:46,6,4,0,10
2023-01-24T23:31:47,6,4,0,10
2023-01-24T23:41:47,6,4,0,10
2023-01-24T23:51:46,6,4,0,10
2023-01-25T00:01:46,6,4,0,10
2023-01-25T00:11:48,6,4,0,10
2023-01-25T00:21:53,6,4,0,10
2023-01-25T00:31:55,6,4,0,10
2023-01-25T00:41:58,6,4,0,10
2023-01-25T00:52:00,6,4,0,10
2023-01-25T01:02:04,6,4,0,10
2023-01-25T01:12:07,6,4,0,10
2023-01-25T01:22:09,6,4,0,10
2023-01-25T01:32:11,6,4,0,10
2023-01-25T01:42:11,6,4,0,10
2023-01-25T01:52:11,6,4,0,10
2023-01-25T02:02:13,6,4,0,10
2023-01-25T02:12:13,6,4,0,10
2023-01-25T02:22:16,6,4,0,10
2023-01-25T02:32:18,6,4,0,10
2023-01-25T02:42:20,6,4,0,10
2023-01-25T02:52:20,6,4,0,10
2023-01-25T03:02:20,6,4,0,10
2023-01-25T03:12:21,6,4,0,10
2023-01-25T03:22:20,6,4,0,10
2023-01-25T03:32:21,6,4,0,10
2023-01-25T03:42:22,6,4,0,10
2023-01-25T03:52:28,6,4,0,10
2023-01-25T04:02:30,6,4,0,10
2023-01-25T04:21:34,6,4,0,10
2023-01-25T04:31:37,6,4,0,10
2023-01-25T04:41:40,6,4,0,10
2023-01-25T04:51:42,6,4,0,10
2023-01-25T05:01:42,6,4,0,10
2023-01-25T05:11:41,6,4,0,10
2023-01-25T05:21:40,6,4,0,10
2023-01-25T05:31:38,6,4,0,10
2023-01-25T05:41:36,6,4,0,10
2023-01-25T05:51:36,6,4,0,10
2023-01-25T06:01:38,6,4,0,10
2023-01-25T06:11:39,6,4,0,10
2023-01-25T06:21:40,6,4,0,10
2023-01-25T06:31:40,6,4,0,10
2023-01-25T06:41:39,6,4,0,10
2023-01-25T06:51:38,6,4,0,10
2023-01-25T07:01:41,6,4,0,10
2023-01-25T07:11:41,6,4,0,10
2023-01-25T07:21:41,6,4,0,10
2023-01-25T07:31:46,6,4,0,10
2023-01-25T07:41:46,6,4,0,10
2023-01-25T07:51:46,6,4,0,10
2023-01-25T08:01:46,6,4,0,10
2023-01-25T08:11:47,6,4,0,10
2023-01-25T08:21:46,6,4,0,10
2023-01-25T08:31:47,6,4,0,10
2023-01-25T08:41:49,6,4,0,10
2023-01-25T08:51:52,6,4,0,10
2023-01-25T09:01:57,6,4,0,10
2023-01-25T09:11:58,6,4,0,10
2023-01-25T09:21:59,6,4,0,10
2023-01-25T09:32:03,6,4,0,10
2023-01-25T09:42:18,6,4,0,10
2023-01-25T09:52:20,6,4,0,10
2023-01-25T10:02:22,6,4,0,10
2023-01-25T10:12:29,6,4,0,10
2023-01-25T10:22:32,6,4,0,10
2023-01-25T10:32:37,6,4,0,10
2023-01-25T10:42:43,6,4,0,10
2023-01-25T10:52:50,6,4,0,10
2023-01-25T11:03:02,6,4,0,10
2023-01-25T11:13:08,6,4,0,10
2023-01-25T11:23:18,6,4,0,10
2023-01-25T11:33:35,6,4,0,10
2023-01-25T11:43:40,6,4,0,10
2023-01-25T11:53:48,6,4,0,10
2023-01-25T12:03:56,6,4,0,10
2023-01-25T12:13:59,6,4,0,10
2023-01-25T12:24:01,6,4,0,10
2023-01-25T12:34:17,6,4,0,10
2023-01-25T12:44:34,6,4,0,10
2023-01-25T12:54:45,6,4,0,10
2023-01-25T13:05:05,6,4,0,10
2023-01-25T13:15:13,6,4,0,10
2023-01-25T13:25:21,6,4,0,10
2023-01-25T13:35:27,6,4,0,10
2023-01-25T13:45:33,6,4,0,10
2023-01-25T13:55:39,6,4,0,10
2023-01-25T14:05:50,6,4,0,10
2023-01-25T14:16:03,6,4,0,10
2023-01-25T14:26:08,6,4,0,10
2023-01-25T14:36:16,6,4,0,10
2023-01-25T14:46:23,6,4,0,10
2023-01-25T14:56:25,6,4,0,10
2023-01-25T15:06:28,6,4,0,10
2023-01-25T15:16:30,6,4,0,10
2023-01-25T15:27:04,6,4,0,10
2023-01-25T15:37:14,6,4,0,10
2023-01-25T15:47:17,6,4,0,10
2023-01-25T15:57:17,6,4,0,10
2023-01-25T16:07:19,6,4,0,10
2023-01-25T16:17:23,6,4,0,10
2023-01-25T16:27:27,6,4,0,10
2023-01-25T16:37:34,6,4,0,10
2023-01-25T16:47:41,6,4,0,10
2023-01-25T16:57:46,6,4,0,10
2023-01-25T17:08:01,6,4,0,10
2023-01-25T17:18:03,6,4,0,10
2023-01-25T17:28:06,6,4,0,10
2023-01-25T17:38:10,6,4,0,10
2023-01-25T17:48:12,6,4,0,10
2023-01-25T17:58:15,6,4,0,10
2023-01-25T18:08:19,6,4,0,10
2023-01-25T18:18:19,6,4,0,10
2023-01-25T18:28:22,6,4,0,10
2023-01-25T18:38:24,6,4,0,10
2023-01-25T18:48:24,6,4,0,10
2023-01-25T18:58:24,6,4,0,10
2023-01-25T19:08:35,6,4,0,10
2023-01-25T19:18:39,6,4,0,10
2023-01-25T19:28:44,6,4,0,10
2023-01-25T19:38:47,6,4,0,10
2023-01-25T19:48:49,6,4,0,10
2023-01-25T19:58:51,6,4,0,10
2023-01-25T20:08:51,6,4,0,10
2023-01-25T20:18:52,6,4,0,10
2023-01-25T20:28:52,6,4,0,10
2023-01-25T20:38:55,6,4,0,10
2023-01-25T20:48:55,6,4,0,10
2023-01-25T20:58:57,6,4,0,10
2023-01-25T21:08:56,6,4,0,10
2023-01-25T21:19:10,6,4,0,10
2023-01-25T21:29:14,6,4,0,10
2023-01-25T21:39:14,6,4,0,10
2023-01-25T21:49:16,6,4,0,10
2023-01-25T21:59:15,6,4,0,10
2023-01-25T22:09:16,6,4,0,10
2023-01-25T22:19:16,6,4,0,10
2023-01-25T22:29:17,6,4,0,10
2023-01-25T22:39:18,6,4,0,10
2023-01-25T22:49:18,6,4,0,10
2023-01-25T22:59:19,6,4,0,10
2023-01-25T23:09:20,6,4,0,10
2023-01-25T23:19:25,6,4,0,10
2023-01-25T23:29:39,6,4,0,10
2023-01-25T23:39:41,6,4,0,10
2023-01-25T23:49:41,6,4,0,10
2023-01-25T23:59:42,6,4,0,10
2023-01-26T00:09:44,6,4,0,10
2023-01-26T00:19:49,6,4,0,10
2023-01-26T00:29:52,6,4,0,10
2023-01-26T00:39:58,6,4,0,10
2023-01-26T00:50:05,6,4,0,10
2023-01-26T01:00:10,6,4,0,10
2023-01-26T01:10:11,6,4,0,10
2023-01-26T01:20:12,6,4,0,10
2023-01-26T01:30:12,6,4,0,10
2023-01-26T01:40:22,6,4,0,10
2023-01-26T01:50:21,6,4,0,10
2023-01-26T02:00:21,6,4,0,10
2023-01-26T02:10:23,6,4,0,10
2023-01-26T02:20:24,6,4,0,10
2023-01-26T02:30:25,6,4,0,10
2023-01-26T02:40:29,6,4,0,10
2023-01-26T02:50:30,6,4,0,10
2023-01-26T03:00:31,6,4,0,10
2023-01-26T03:10:31,6,4,0,10
2023-01-26T03:20:30,6,4,0,10
2023-01-26T03:30:30,6,4,0,10
2023-01-26T03:40:34,6,4,0,10
2023-01-26T03:50:38,6,4,0,10
2023-01-26T04:00:43,6,4,0,10
2023-01-26T04:23:47,6,4,0,10
2023-01-26T04:33:54,6,4,0,10
2023-01-26T04:45:26,6,4,0,10
2023-01-26T04:55:50,6,4,0,10
2023-01-26T05:05:53,6,4,0,10
2023-01-26T05:15:57,6,4,0,10
2023-01-26T05:25:59,6,4,0,10
2023-01-26T05:35:58,6,4,0,10
2023-01-26T05:45:58,6,4,0,10
2023-01-26T05:56:00,6,4,0,10
2023-01-26T06:06:07,6,4,0,10
2023-01-26T06:16:11,6,4,0,10
2023-01-26T06:26:15,6,4,0,10
2023-01-26T06:36:22,6,4,0,10
2023-01-26T06:46:29,6,4,0,10
2023-01-26T06:56:34,6,4,0,10
2023-01-26T07:06:43,6,4,0,10
2023-01-26T07:16:48,6,4,0,10
2023-01-26T07:26:56,6,4,0,10
2023-01-26T07:37:04,6,4,0,10
2023-01-26T07:47:11,6,4,0,10
2023-01-26T07:57:18,6,4,0,10
2023-01-26T08:07:25,6,4,0,10
2023-01-26T08:17:34,6,4,0,10
2023-01-26T08:27:42,6,4,0,10
2023-01-26T08:37:48,6,4,0,10
2023-01-26T08:48:01,6,4,0,10
2023-01-26T08:58:15,6,4,0,10
2023-01-26T09:08:25,6,4,0,10
2023-01-26T09:18:32,6,4,0,10
2023-01-26T09:28:44,6,4,0,10
2023-01-26T09:38:54,6,4,0,10
2023-01-26T09:49:31,6,4,0,10
2023-01-26T09:59:45,6,4,0,10
2023-01-26T10:10:05,6,4,0,10
2023-01-26T10:20:20,6,4,0,10
2023-01-26T10:30:36,6,4,0,10
2023-01-26T10:40:44,6,4,0,10
2023-01-26T10:50:54,6,4,0,10
2023-01-26T11:01:09,6,4,0,10
2023-01-26T11:11:21,6,4,0,10
2023-01-26T11:21:49,6,4,0,10
2023-01-26T11:32:03,6,4,0,10
2023-01-26T11:42:26,6,4,0,10
2023-01-26T11:53:04,6,4,0,10
2023-01-26T12:03:21,6,4,0,10
2023-01-26T12:13:43,6,4,0,10
2023-01-26T12:23:58,6,4,0,10
2023-01-26T12:34:08,6,4,0,10
2023-01-26T12:44:24,6,4,0,10
2023-01-26T12:54:58,6,4,0,10
2023-01-26T13:05:06,6,4,0,10
2023-01-26T13:15:16,6,4,0,10
2023-01-26T13:25:28,6,4,0,10
2023-01-26T13:35:47,6,4,0,10
2023-01-26T13:45:58,6,4,0,10
2023-01-26T13:56:12,6,4,0,10
2023-01-26T14:06:26,6,4,0,10
2023-01-26T14:16:38,6,4,0,10
2023-01-26T14:27:06,6,4,0,10
2023-01-26T14:37:17,6,4,0,10
2023-01-26T14:47:31,6,4,0,10
2023-01-26T14:57:53,6,4,0,10
2023-01-26T15:08:06,6,4,0,10
2023-01-26T15:18:16,6,4,0,10
2023-01-26T15:28:25,6,4,0,10
2023-01-26T15:38:52,6,4,0,10
2023-01-26T15:49:09,6,4,0,10
2023-01-26T15:59:21,6,4,0,10
2023-01-26T16:09:30,6,4,0,10
2023-01-26T16:19:49,6,4,0,10
2023-01-26T16:30:01,6,4,0,10
2023-01-26T16:40:14,6,4,0,10
2023-01-26T16:50:22,6,4,0,10
2023-01-26T17:00:29,6,4,0,10
2023-01-26T17:10:48,6,4,0,10
2023-01-26T17:20:53,6,4,0,10
2023-01-26T17:31:03,6,4,0,10
2023-01-26T17:41:06,6,4,0,10
2023-01-26T17:51:09,6,4,0,10
2023-01-26T18:01:13,6,4,0,10
2023-01-26T18:11:19,6,4,0,10
2023-01-26T18:21:25,6,4,0,10
2023-01-26T18:31:31,6,4,0,10
2023-01-26T18:41:43,6,4,0,10
2023-01-26T18:51:48,6,4,0,10
2023-01-26T19:01:53,6,4,0,10
2023-01-26T19:11:54,6,4,0,10
2023-01-26T19:21:56,6,4,0,10
2023-01-26T19:32:00,6,4,0,10
2023-01-26T19:42:12,6,4,0,10
2023-01-26T19:52:26,6,4,0,10
2023-01-26T20:02:42,6,4,0,10
2023-01-26T20:13:07,6,4,0,10
2023-01-26T20:26:42,6,4,0,10
2023-01-26T20:48:11,6,4,0,10
2023-01-26T21:11:18,6,4,0,10
2023-01-26T21:21:35,6,4,0,10
2023-01-26T21:31:55,6,4,0,10
2023-01-26T21:42:11,6,4,0,10
2023-01-26T21:52:21,6,4,0,10
2023-01-26T22:02:29,6,4,0,10
2023-01-26T22:12:36,6,4,0,10
2023-01-26T22:22:39,6,4,0,10
2023-01-26T22:32:53,6,4,0,10
2023-01-26T22:42:57,6,4,0,10
2023-01-26T22:52:59,6,4,0,10
2023-01-26T23:03:00,6,4,0,10
2023-01-26T23:13:02,6,4,0,10
2023-01-26T23:23:06,6,4,0,10
2023-01-26T23:33:08,6,4,0,10
2023-01-26T23:43:10,6,4,0,10
2023-01-26T23:53:12,6,4,0,10
2023-01-27T00:03:14,6,4,0,10
2023-01-27T00:13:18,6,4,0,10
2023-01-27T00:23:24,6,4,0,10
2023-01-27T00:33:30,6,4,0,10
2023-01-27T00:43:35,6,4,0,10
2023-01-27T00:53:41,6,4,0,10
2023-01-27T01:03:46,6,4,0,10
2023-01-27T01:13:53,6,4,0,10
2023-01-27T01:23:59,6,4,0,10
2023-01-27T01:34:02,6,4,0,10
2023-01-27T01:44:05,6,4,0,10
2023-01-27T01:54:06,6,4,0,10
2023-01-27T02:04:08,6,4,0,10
2023-01-27T02:14:14,6,4,0,10
2023-01-27T02:24:18,6,4,0,10
2023-01-27T02:34:22,6,4,0,10
2023-01-27T02:44:24,6,4,0,10
2023-01-27T02:54:26,6,4,0,10
2023-01-27T03:04:27,6,4,0,10
2023-01-27T03:14:30,6,4,0,10
2023-01-27T03:24:29,6,4,0,10
2023-01-27T03:34:31,6,4,0,10
2023-01-27T03:44:35,6,4,0,10
2023-01-27T03:54:39,6,4,0,10
2023-01-27T04:04:42,6,4,0,10
2023-01-27T04:16:51,6,4,0,10
2023-01-27T04:41:05,6,4,0,10
2023-01-27T04:51:11,6,4,0,10
2023-01-27T05:01:13,6,4,0,10
2023-01-27T05:11:15,6,4,0,10
2023-01-27T05:21:19,6,4,0,10
2023-01-27T05:31:20,6,4,0,10
2023-01-27T05:41:25,6,4,0,10
2023-01-27T05:51:27,6,4,0,10
2023-01-27T06:01:32,6,4,0,10
2023-01-27T06:11:37,6,4,0,10
2023-01-27T06:21:39,6,4,0,10
2023-01-27T06:31:41,6,4,0,10
2023-01-27T06:41:44,6,4,0,10
2023-01-27T06:51:47,6,4,0,10
2023-01-27T07:01:54,6,4,0,10
2023-01-27T07:11:58,6,4,0,10
2023-01-27T07:22:04,6,4,0,10
2023-01-27T07:32:10,6,4,0,10
2023-01-27T07:42:18,6,4,0,10
2023-01-27T07:52:24,6,4,0,10
2023-01-27T08:02:28,6,4,0,10
2023-01-27T08:12:36,6,4,0,10
2023-01-27T08:22:46,6,4,0,10
2023-01-27T08:32:57,6,4,0,10
2023-01-27T08:43:01,6,4,0,10
2023-01-27T08:53:03,6,4,0,10
2023-01-27T09:03:05,6,4,0,10
2023-01-27T09:13:07,6,4,0,10
2023-01-27T09:23:18,6,4,0,10
2023-01-27T09:33:20,6,4,0,10
2023-01-27T09:43:22,6,4,0,10
2023-01-27T09:53:25,6,4,0,10
2023-01-27T10:03:27,6,4,0,10
2023-01-27T10:13:30,6,4,0,10
2023-01-27T10:23:31,6,4,0,10
2023-01-27T10:33:32,6,4,0,10
2023-01-27T10:43:35,6,4,0,10
2023-01-27T10:53:38,6,4,0,10
2023-01-27T11:03:40,6,4,0,10
2023-01-27T11:13:54,6,4,0,10
2023-01-27T11:23:55,6,4,0,10
2023-01-27T11:33:57,6,4,0,10
2023-01-27T11:43:59,6,4,0,10
2023-01-27T11:54:00,6,4,0,10
2023-01-27T12:04:04,6,4,0,10
2023-01-27T12:14:06,6,4,0,10
2023-01-27T12:24:08,6,4,0,10
2023-01-27T12:34:09,6,4,0,10
2023-01-27T12:44:10,6,4,0,10
2023-01-27T12:54:11,6,4,0,10
2023-01-27T13:04:24,6,4,0,10
2023-01-27T13:14:26,6,4,0,10
2023-01-27T13:24:28,6,4,0,10
2023-01-27T13:34:43,6,4,0,10
2023-01-27T13:44:45,6,4,0,10
2023-01-27T13:54:47,6,4,0,10
2023-01-27T14:04:49,6,4,0,10
2023-01-27T14:14:51,6,4,0,10
2023-01-27T14:24:54,6,4,0,10
2023-01-27T14:34:55,6,4,0,10
2023-01-27T14:44:56,6,4,0,10
2023-01-27T14:55:09,6,4,0,10
2023-01-27T15:05:12,6,4,0,10
2023-01-27T15:15:13,6,4,0,10
2023-01-27T15:25:16,6,4,0,10
2023-01-27T15:35:17,6,4,0,10
2023-01-27T15:45:19,6,4,0,10
2023-01-27T15:55:23,6,4,0,10
2023-01-27T16:05:26,6,4,0,10
2023-01-27T16:15:28,6,4,0,10
2023-01-27T16:25:30,6,4,0,10
2023-01-27T16:35:32,6,4,0,10
2023-01-27T16:45:35,6,4,0,10
2023-01-27T16:55:46,6,4,0,10
2023-01-27T17:05:48,6,4,0,10
2023-01-27T17:15:51,6,4,0,10
2023-01-27T17:25:53,6,4,0,10
2023-01-27T17:35:54,6,4,0,10
2023-01-27T17:45:55,6,4,0,10
2023-01-27T17:55:55,6,4,0,10
2023-01-27T18:05:56,6,4,0,10
2023-01-27T18:15:56,6,4,0,10
2023-01-27T18:25:56,6,4,0,10
2023-01-27T18:35:59,6,4,0,10
2023-01-27T18:45:58,6,4,0,10
2023-01-27T18:55:58,6,4,0,10
2023-01-27T19:05:58,6,4,0,10
2023-01-27T19:16:07,6,4,0,10
2023-01-27T19:26:06,6,4,0,10
2023-01-27T19:36:06,6,4,0,10
2023-01-27T19:46:07,6,4,0,10
2023-01-27T19:56:06,6,4,0,10
2023-01-27T20:06:07,6,4,0,10
2023-01-27T20:16:07,6,4,0,10
2023-01-27T20:26:07,6,4,0,10
2023-01-27T20:36:07,6,4,0,10
2023-01-27T20:46:07,6,4,0,10
2023-01-27T20:56:07,6,4,0,10
2023-01-27T21:06:06,6,4,0,10
2023-01-27T21:16:06,6,4,0,10
2023-01-27T21:26:06,6,4,0,10
2023-01-27T21:36:06,6,4,0,10
2023-01-27T21:46:06,6,4,0,10
2023-01-27T21:56:06,6,4,0,10
2023-01-27T22:06:06,6,4,0,10
2023-01-27T22:16:06,6,4,0,10
2023-01-27T22:26:06,6,4,0,10
2023-01-27T22:36:07,6,4,0,10
2023-01-27T22:46:07,6,4,0,10
2023-01-27T22:56:16,6,4,0,10
2023-01-27T23:06:17,6,4,0,10
2023-01-27T23:16:18,6,4,0,10
2023-01-27T23:26:19,6,4,0,10
2023-01-27T23:36:19,6,4,0,10
2023-01-27T23:46:20,6,4,0,10
2023-01-27T23:56:20,6,4,0,10
2023-01-28T00:06:21,6,4,0,10
2023-01-28T00:16:25,6,4,0,10
2023-01-28T00:26:27,6,4,0,10
2023-01-28T00:36:30,6,4,0,10
2023-01-28T00:46:34,6,4,0,10
2023-01-28T00:56:38,6,4,0,10
2023-01-28T01:06:44,6,4,0,10
2023-01-28T01:16:47,6,4,0,10
2023-01-28T01:26:48,6,4,0,10
2023-01-28T01:36:48,6,4,0,10
2023-01-28T01:46:48,6,4,0,10
2023-01-28T01:56:47,6,4,0,10
2023-01-28T02:06:47,6,4,0,10
2023-01-28T02:16:46,6,4,0,10
2023-01-28T02:26:45,6,4,0,10
2023-01-28T02:36:45,6,4,0,10
2023-01-28T02:46:45,6,4,0,10
2023-01-28T02:56:47,6,4,0,10
2023-01-28T03:06:46,6,4,0,10
2023-01-28T03:16:46,6,4,0,10
2023-01-28T03:26:45,6,4,0,10
2023-01-28T03:36:45,6,4,0,10
2023-01-28T03:46:48,6,4,0,10
2023-01-28T03:56:52,6,4,0,10
2023-01-28T04:21:25,6,4,0,10
2023-01-28T04:31:30,6,4,0,10
2023-01-28T04:41:34,6,4,0,10
2023-01-28T04:53:06,6,4,0,10
2023-01-28T05:03:27,6,4,0,10
2023-01-28T05:13:29,6,4,0,10
2023-01-28T05:23:30,6,4,0,10
2023-01-28T05:33:30,6,4,0,10
2023-01-28T05:43:31,6,4,0,10
2023-01-28T05:53:33,6,4,0,10
2023-01-28T06:03:38,6,4,0,10
2023-01-28T06:13:42,6,4,0,10
2023-01-28T06:23:46,6,4,0,10
2023-01-28T06:33:49,6,4,0,10
2023-01-28T06:43:51,6,4,0,10
2023-01-28T06:53:51,6,4,0,10
2023-01-28T07:03:55,6,4,0,10
2023-01-28T07:14:00,6,4,0,10
2023-01-28T07:24:28,6,4,0,10
2023-01-28T07:34:33,6,4,0,10
2023-01-28T07:44:41,6,4,0,10
2023-01-28T07:54:46,6,4,0,10
2023-01-28T08:04:49,6,4,0,10
2023-01-28T08:14:55,6,4,0,10
2023-01-28T08:25:01,6,4,0,10
2023-01-28T08:35:05,6,4,0,10
2023-01-28T08:45:11,6,4,0,10
2023-01-28T08:55:17,6,4,0,10
2023-01-28T09:05:21,6,4,0,10
2023-01-28T09:15:26,6,4,0,10
2023-01-28T09:25:40,6,4,0,10
2023-01-28T09:35:45,6,4,0,10
2023-01-28T09:45:49,6,4,0,10
2023-01-28T09:55:52,6,4,0,10
2023-01-28T10:05:54,6,4,0,10
2023-01-28T10:15:55,6,4,0,10
2023-01-28T10:25:57,6,4,0,10
2023-01-28T10:35:59,6,4,0,10
2023-01-28T10:46:01,6,4,0,10
2023-01-28T10:56:02,6,4,0,10
2023-01-28T11:06:05,6,4,0,10
2023-01-28T11:16:07,6,4,0,10
2023-01-28T11:26:10,6,4,0,10
2023-01-28T11:36:12,6,4,0,10
2023-01-28T11:46:14,6,4,0,10
2023-01-28T11:56:14,6,4,0,10
2023-01-28T12:06:14,6,4,0,10
2023-01-28T12:16:13,6,4,0,10
2023-01-28T12:26:13,6,4,0,10
2023-01-28T12:36:13,6,4,0,10
2023-01-28T12:46:12,6,4,0,10
2023-01-28T12:56:12,6,4,0,10
2023-01-28T13:06:12,6,4,0,10
2023-01-28T13:16:13,6,4,0,10
2023-01-28T13:26:22,6,4,0,10
2023-01-28T13:36:21,6,4,0,10
2023-01-28T13:46:21,6,4,0,10
2023-01-28T13:56:22,6,4,0,10
2023-01-28T14:06:21,6,4,0,10
2023-01-28T14:16:22,6,4,0,10
2023-01-28T14:26:22,6,4,0,10
2023-01-28T14:36:21,6,4,0,10
2023-01-28T14:46:21,6,4,0,10
2023-01-28T14:56:21,6,4,0,10
2023-01-28T15:06:20,6,4,0,10
2023-01-28T15:16:20,6,4,0,10
2023-01-28T15:26:20,6,4,0,10
2023-01-28T15:36:20,6,4,0,10
2023-01-28T15:46:20,6,4,0,10
2023-01-28T15:56:20,6,4,0,10
2023-01-28T16:06:19,6,4,0,10
2023-01-28T16:16:18,6,4,0,10
2023-01-28T16:26:18,6,4,0,10
2023-01-28T16:36:18,6,4,0,10
2023-01-28T16:46:17,6,4,0,10
2023-01-28T16:56:27,6,4,0,10
2023-01-28T17:06:26,6,4,0,10
2023-01-28T17:16:25,6,4,0,10
2023-01-28T17:26:25,6,4,0,10
2023-01-28T17:36:25,6,4,0,10
2023-01-28T17:46:24,6,4,0,10
2023-01-28T17:56:24,6,4,0,10
2023-01-28T18:06:25,6,4,0,10
2023-01-28T18:16:27,6,4,0,10
2023-01-28T18:26:26,6,4,0,10
2023-01-28T18:36:26,6,4,0,10
2023-01-28T18:46:28,6,4,0,10
2023-01-28T18:56:33,6,4,0,10
2023-01-28T19:06:38,6,4,0,10
2023-01-28T19:16:45,6,4,0,10
2023-01-28T19:26:50,6,4,0,10
2023-01-28T19:36:55,6,4,0,10
2023-01-28T19:46:58,6,4,0,10
2023-01-28T19:57:15,6,4,0,10
2023-01-28T20:07:20,6,4,0,10
2023-01-28T20:17:22,6,4,0,10
2023-01-28T20:27:24,6,4,0,10
2023-01-28T20:37:25,6,4,0,10
2023-01-28T20:47:24,6,4,0,10
2023-01-28T20:57:22,6,4,0,10
2023-01-28T21:07:23,6,4,0,10
2023-01-28T21:17:23,6,4,0,10
2023-01-28T21:27:22,6,4,0,10
2023-01-28T21:37:23,6,4,0,10
2023-01-28T21:47:22,6,4,0,10
2023-01-28T21:57:21,6,4,0,10
2023-01-28T22:10:12,6,4,0,10
2023-01-28T22:20:11,6,4,0,10
2023-01-28T22:30:10,6,4,0,10
2023-01-28T22:40:09,6,4,0,10
2023-01-28T22:50:08,6,4,0,10
2023-01-28T23:00:07,6,4,0,10
2023-01-28T23:10:07,6,4,0,10
2023-01-28T23:20:17,6,4,0,10
2023-01-28T23:30:16,6,4,0,10
2023-01-28T23:40:15,6,4,0,10
2023-01-28T23:50:14,6,4,0,10
2023-01-29T00:00:13,6,4,0,10
2023-01-29T00:10:13,6,4,0,10
2023-01-29T00:20:16,6,4,0,10
2023-01-29T00:30:17,6,4,0,10
2023-01-29T00:40:19,6,4,0,10
2023-01-29T00:50:21,6,4,0,10
2023-01-29T01:00:22,6,4,0,10
2023-01-29T01:10:23,6,4,0,10
2023-01-29T01:20:23,6,4,0,10
2023-01-29T01:30:21,6,4,0,10
2023-01-29T01:40:22,6,4,0,10
2023-01-29T01:50:23,6,4,0,10
2023-01-29T02:00:26,6,4,0,10
2023-01-29T02:10:29,6,4,0,10
2023-01-29T02:20:31,6,4,0,10
2023-01-29T02:30:32,6,4,0,10
2023-01-29T02:40:34,6,4,0,10
2023-01-29T02:50:33,6,4,0,10
2023-01-29T03:00:33,6,4,0,10
2023-01-29T03:10:33,6,4,0,10
2023-01-29T03:20:36,6,4,0,10
2023-01-29T03:30:37,6,4,0,10
2023-01-29T03:40:39,6,4,0,10
2023-01-29T03:50:42,6,4,0,10
2023-01-29T04:00:44,6,4,0,10
2023-01-29T04:10:48,6,4,0,10
2023-01-29T04:34:39,6,4,0,10
2023-01-29T04:44:41,6,4,0,10
2023-01-29T04:55:54,6,4,0,10
2023-01-29T05:06:11,6,4,0,10
2023-01-29T05:16:10,6,4,0,10
2023-01-29T05:26:08,6,4,0,10
2023-01-29T05:36:07,6,4,0,10
2023-01-29T05:46:05,6,4,0,10
2023-01-29T05:56:06,6,4,0,10
2023-01-29T06:06:08,6,4,0,10
2023-01-29T06:16:12,6,4,0,10
2023-01-29T06:26:14,6,4,0,10
2023-01-29T06:36:14,6,4,0,10
2023-01-29T06:46:15,6,4,0,10
2023-01-29T06:56:15,6,4,0,10
2023-01-29T07:06:17,6,4,0,10
2023-01-29T07:16:17,6,4,0,10
2023-01-29T07:26:18,6,4,0,10
2023-01-29T07:36:19,6,4,0,10
2023-01-29T07:46:21,6,4,0,10
2023-01-29T07:56:21,6,4,0,10
2023-01-29T08:06:22,6,4,0,10
2023-01-29T08:16:23,6,4,0,10
2023-01-29T08:26:24,6,4,0,10
2023-01-29T08:36:25,6,4,0,10
2023-01-29T08:46:26,6,4,0,10
2023-01-29T08:56:27,6,4,0,10
2023-01-29T09:06:32,6,4,0,10
2023-01-29T09:16:34,6,4,0,10
2023-01-29T09:26:35,6,4,0,10
2023-01-29T09:36:36,6,4,0,10
2023-01-29T09:46:36,6,4,0,10
2023-01-29T09:56:36,6,4,0,10
2023-01-29T10:06:37,6,4,0,10
2023-01-29T10:16:37,6,4,0,10
2023-01-29T10:26:47,6,4,0,10
2023-01-29T10:36:48,6,4,0,10
2023-01-29T10:46:47,6,4,0,10
2023-01-29T10:56:48,6,4,0,10
2023-01-29T11:06:49,6,4,0,10
2023-01-29T11:16:49,6,4,0,10
2023-01-29T11:26:49,6,4,0,10
2023-01-29T11:36:50,6,4,0,10
2023-01-29T11:46:51,6,4,0,10
2023-01-29T11:56:52,6,4,0,10
2023-01-29T12:06:54,6,4,0,10
2023-01-29T12:16:54,6,4,0,10
2023-01-29T12:26:55,6,4,0,10
2023-01-29T12:36:55,6,4,0,10
2023-01-29T12:46:56,6,4,0,10
2023-01-29T12:56:56,6,4,0,10
2023-01-29T13:06:57,6,4,0,10
2023-01-29T13:16:58,6,4,0,10
2023-01-29T13:26:59,6,4,0,10
2023-01-29T13:37:09,6,4,0,10
2023-01-29T13:47:10,6,4,0,10
2023-01-29T13:57:11,6,4,0,10
2023-01-29T14:07:12,6,4,0,10
2023-01-29T14:17:13,6,4,0,10
2023-01-29T14:27:14,6,4,0,10
2023-01-29T14:37:15,6,4,0,10
2023-01-29T14:47:17,6,4,0,10
2023-01-29T14:57:17,6,4,0,10
2023-01-29T15:07:20,6,4,0,10
2023-01-29T15:17:21,6,4,0,10
2023-01-29T15:27:22,6,4,0,10
2023-01-29T15:37:23,6,4,0,10
2023-01-29T15:47:23,6,4,0,10
2023-01-29T15:57:23,6,4,0,10
2023-01-29T16:07:24,6,4,0,10
2023-01-29T16:17:25,6,4,0,10
2023-01-29T16:27:35,6,4,0,10
2023-01-29T16:37:37,6,4,0,10
2023-01-29T16:47:38,6,4,0,10
2023-01-29T16:57:38,6,4,0,10
2023-01-29T17:07:37,6,4,0,10
2023-01-29T17:17:38,6,4,0,10
2023-01-29T17:27:39,6,4,0,10
2023-01-29T17:38:16,6,4,0,10
2023-01-29T18:04:45,6,4,0,10
2023-01-29T18:15:26,6,4,0,10
2023-01-29T18:25:27,6,4,0,10
2023-01-29T18:35:53,6,4,0,10
2023-01-29T18:45:53,6,4,0,10
2023-01-29T18:55:54,6,4,0,10
2023-01-29T19:05:56,6,4,0,10
2023-01-29T19:15:58,6,4,0,10
2023-01-29T19:26:00,6,4,0,10
2023-01-29T19:36:00,6,4,0,10
2023-01-29T19:46:13,6,4,0,10
2023-01-29T19:56:14,6,4,0,10
2023-01-29T20:06:14,6,4,0,10
2023-01-29T20:16:14,6,4,0,10
2023-01-29T20:26:13,6,4,0,10
2023-01-29T20:36:13,6,4,0,10
2023-01-29T20:46:12,6,4,0,10
2023-01-29T20:56:12,6,4,0,10
2023-01-29T21:06:12,6,4,0,10
2023-01-29T21:16:11,6,4,0,10
2023-01-29T21:26:11,6,4,0,10
2023-01-29T21:36:10,6,4,0,10
2023-01-29T21:46:10,6,4,0,10
2023-01-29T21:56:10,6,4,0,10
2023-01-29T22:06:11,6,4,0,10
2023-01-29T22:16:10,6,4,0,10
2023-01-29T22:26:09,6,4,0,10
2023-01-29T22:36:18,6,4,0,10
2023-01-29T22:46:17,6,4,0,10
2023-01-29T22:56:16,6,4,0,10
2023-01-29T23:06:17,6,4,0,10
2023-01-29T23:16:17,6,4,0,10
2023-01-29T23:26:18,6,4,0,10
2023-01-29T23:36:17,6,4,0,10
2023-01-29T23:46:16,6,4,0,10
2023-01-29T23:56:16,6,4,0,10
2023-01-30T00:06:15,6,4,0,10
2023-01-30T00:16:18,6,4,0,10
2023-01-30T00:26:25,6,4,0,10
2023-01-30T00:36:25,6,4,0,10
2023-01-30T00:46:26,6,4,0,10
2023-01-30T00:56:27,6,4,0,10
2023-01-30T01:06:34,6,4,0,10
2023-01-30T01:16:38,6,4,0,10
2023-01-30T01:26:40,6,4,0,10
2023-01-30T01:36:41,6,4,0,10
2023-01-30T01:46:51,6,4,0,10
2023-01-30T01:56:52,6,4,0,10
2023-01-30T02:06:55,6,4,0,10
2023-01-30T02:16:58,6,4,0,10
2023-01-30T02:26:59,6,4,0,10
2023-01-30T02:37:00,6,4,0,10
2023-01-30T02:46:59,6,4,0,10
2023-01-30T02:56:59,6,4,0,10
2023-01-30T03:06:58,6,4,0,10
2023-01-30T03:16:59,6,4,0,10
2023-01-30T03:27:00,6,4,0,10
2023-01-30T03:37:02,6,4,0,10
2023-01-30T03:47:05,6,4,0,10
2023-01-30T03:57:07,6,4,0,10
2023-01-30T04:07:09,6,4,0,10
2023-01-30T04:26:29,6,4,0,10
2023-01-30T04:36:32,6,4,0,10
2023-01-30T04:46:37,6,4,0,10
2023-01-30T04:56:38,6,4,0,10
2023-01-30T05:06:37,6,4,0,10
2023-01-30T05:16:37,6,4,0,10
2023-01-30T05:26:35,6,4,0,10
2023-01-30T05:36:34,6,4,0,10
2023-01-30T05:46:33,6,4,0,10
2023-01-30T05:56:35,6,4,0,10
2023-01-30T06:06:38,6,4,0,10
2023-01-30T06:16:39,6,4,0,10
2023-01-30T06:26:41,6,4,0,10
2023-01-30T06:36:43,6,4,0,10
2023-01-30T06:46:43,6,4,0,10
2023-01-30T06:56:43,6,4,0,10
2023-01-30T07:06:48,6,4,0,10
2023-01-30T07:16:49,6,4,0,10
2023-01-30T07:26:51,6,4,0,10
2023-01-30T07:36:54,6,4,0,10
2023-01-30T07:46:56,6,4,0,10
2023-01-30T07:56:58,6,4,0,10
2023-01-30T08:07:04,6,4,0,10
2023-01-30T08:17:06,6,4,0,10
2023-01-30T08:27:09,6,4,0,10
2023-01-30T08:37:12,6,4,0,10
2023-01-30T08:47:15,6,4,0,10
2023-01-30T08:57:18,6,4,0,10
2023-01-30T09:07:24,6,4,0,10
2023-01-30T09:17:27,6,4,0,10
2023-01-30T09:27:32,6,4,0,10
2023-01-30T09:37:48,6,4,0,10
2023-01-30T09:47:51,6,4,0,10
2023-01-30T09:57:54,6,4,0,10
2023-01-30T10:07:58,6,4,0,10
2023-01-30T10:18:01,6,4,0,10
2023-01-30T10:28:05,6,4,0,10
2023-01-30T10:38:08,6,4,0,10
2023-01-30T10:48:11,6,4,0,10
2023-01-30T10:58:15,6,4,0,10
2023-01-30T11:08:19,6,4,0,10
2023-01-30T11:18:22,6,4,0,10
2023-01-30T11:28:26,6,4,0,10
2023-01-30T11:38:30,6,4,0,10
2023-01-30T11:48:33,6,4,0,10
2023-01-30T11:58:36,6,4,0,10
2023-01-30T12:08:53,6,4,0,10
2023-01-30T12:18:55,6,4,0,10
2023-01-30T12:28:57,6,4,0,10
2023-01-30T12:38:59,6,4,0,10
2023-01-30T12:49:03,6,4,0,10
2023-01-30T12:59:05,6,4,0,10
2023-01-30T13:09:08,6,4,0,10
2023-01-30T13:19:11,6,4,0,10
2023-01-30T13:29:13,6,4,0,10
2023-01-30T13:39:17,6,4,0,10
2023-01-30T13:49:39,6,4,0,10
2023-01-30T13:59:42,6,4,0,10
2023-01-30T14:09:47,6,4,0,10
2023-01-30T14:19:51,6,4,0,10
2023-01-30T14:29:54,6,4,0,10
2023-01-30T14:40:00,6,4,0,10
2023-01-30T14:50:03,6,4,0,10
2023-01-30T15:00:06,6,4,0,10
2023-01-30T15:10:11,6,4,0,10
2023-01-30T15:20:25,6,4,0,10
2023-01-30T15:36:24,6,4,0,10
2023-01-30T15:46:28,6,4,0,10
2023-01-30T15:56:32,6,4,0,10
2023-01-30T16:06:36,6,4,0,10
2023-01-30T16:16:38,6,4,0,10
2023-01-30T16:26:43,6,4,0,10
2023-01-30T16:36:45,6,4,0,10
2023-01-30T16:46:47,6,4,0,10
2023-01-30T16:56:59,6,4,0,10
2023-01-30T17:07:02,6,4,0,10
2023-01-30T17:17:04,6,4,0,10
2023-01-30T17:27:07,6,4,0,10
2023-01-30T17:37:09,6,4,0,10
2023-01-30T17:47:11,6,4,0,10
2023-01-30T17:57:13,6,4,0,10
2023-01-30T18:07:15,6,4,0,10
2023-01-30T18:17:16,6,4,0,10
2023-01-30T18:27:18,6,4,0,10
2023-01-30T18:37:19,6,4,0,10
2023-01-30T18:47:20,6,4,0,10
2023-01-30T18:57:22,6,4,0,10
2023-01-30T19:07:25,6,4,0,10
2023-01-30T19:17:27,6,4,0,10
2023-01-30T19:27:28,6,4,0,10
2023-01-30T19:37:30,6,4,0,10
2023-01-30T19:47:31,6,4,0,10
2023-01-30T19:57:43,6,4,0,10
2023-01-30T20:07:44,6,4,0,10
2023-01-30T20:17:46,6,4,0,10
2023-01-31T08:31:29,6,4,0,10
2023-01-31T08:54:38,6,4,0,10
2023-01-31T09:20:16,6,4,0,10
2023-01-31T09:54:06,6,4,0,10
2023-01-31T10:35:48,6,4,0,10
2023-01-31T11:14:07,6,4,0,10
2023-01-31T11:23:44,6,4,0,10
2023-01-31T11:33:21,6,4,0,10
2023-01-31T11:42:58,6,4,0,10
2023-01-31T11:52:36,6,4,0,10
2023-01-31T12:02:21,6,4,0,10
2023-01-31T12:11:57,6,4,0,10
2023-01-31T12:21:34,6,4,0,10
2023-01-31T12:31:12,6,4,0,10
2023-01-31T12:40:50,6,4,0,10
2023-01-31T12:50:25,6,4,0,10
2023-01-31T13:00:04,6,4,0,10
2023-01-31T13:09:44,6,4,0,10
2023-01-31T13:19:21,6,4,0,10
2023-01-31T13:28:58,6,4,0,10
2023-01-31T13:38:35,6,4,0,10
2023-01-31T13:48:11,6,4,0,10
2023-01-31T13:57:47,6,4,0,10
2023-01-31T14:07:24,6,4,0,10
2023-01-31T14:17:09,6,4,0,10
2023-01-31T14:26:46,6,4,0,10
2023-01-31T14:36:22,6,4,0,10
2023-01-31T14:45:58,6,4,0,10
2023-01-31T14:55:34,6,4,0,10
2023-01-31T15:05:10,6,4,0,10
2023-01-31T15:14:47,6,4,0,10
2023-01-31T15:24:21,6,4,0,10
2023-01-31T15:34:05,6,4,0,10
2023-01-31T15:43:40,6,4,0,10
2023-01-31T15:53:16,6,4,0,10
2023-01-31T16:02:52,6,4,0,10
2023-01-31T16:12:26,6,4,0,10
2023-01-31T16:22:01,6,4,0,10
2023-01-31T16:31:36,6,4,0,10
2023-01-31T16:41:10,6,4,0,10
2023-01-31T16:50:43,6,4,0,10
2023-01-31T17:00:16,6,4,0,10
2023-01-31T17:09:50,6,4,0,10
2023-01-31T17:19:24,6,4,0,10
2023-01-31T17:29:06,6,4,0,10
2023-01-31T17:38:40,6,4,0,10
2023-01-31T17:48:13,6,4,0,10
2023-01-31T17:57:46,6,4,0,10
2023-01-31T18:07:21,6,4,0,10
2023-01-31T18:16:55,6,4,0,10
2023-01-31T18:26:29,6,4,0,10
2023-01-31T18:36:03,6,4,0,10
2023-01-31T18:45:37,6,4,0,10
2023-01-31T18:55:10,6,4,0,10
2023-01-31T19:04:43,6,4,0,10
2023-01-31T19:14:16,6,4,0,10
2023-01-31T19:23:51,6,4,0,10
2023-01-31T19:33:24,6,4,0,10
2023-01-31T19:42:58,6,4,0,10
2023-01-31T19:52:31,6,4,0,10
2023-01-31T20:02:04,6,4,0,10
2023-01-31T20:11:46,6,4,0,10
2023-01-31T20:21:22,6,4,0,10
2023-01-31T20:30:57,6,4,0,10
2023-01-31T20:40:29,6,4,0,10
2023-01-31T20:50:02,6,4,0,10
2023-01-31T20:59:35,6,4,0,10
2023-01-31T21:09:08,6,4,0,10
2023-01-31T21:18:41,6,4,0,10
2023-01-31T21:28:13,6,4,0,10
2023-01-31T21:37:46,6,4,0,10
2023-01-31T21:47:19,6,4,0,10
2023-01-31T21:56:52,6,4,0,10
2023-01-31T22:06:24,6,4,0,10
2023-01-31T22:15:57,6,4,0,10
2023-01-31T22:25:29,6,4,0,10
2023-01-31T22:35:02,6,4,0,10
2023-01-31T22:44:37,6,4,0,10
2023-01-31T22:54:10,6,4,0,10
2023-01-31T23:03:43,6,4,0,10
2023-01-31T23:13:16,6,4,0,10
2023-01-31T23:22:58,6,4,0,10
2023-01-31T23:32:31,6,4,0,10
2023-01-31T23:42:03,6,4,0,10
2023-01-31T23:51:35,6,4,0,10
2023-02-01T00:01:07,6,4,0,10
2023-02-01T00:10:41,6,4,0,10
2023-02-01T00:20:18,6,4,0,10
2023-02-01T00:29:51,6,4,0,10
2023-02-01T00:39:26,6,4,0,10
2023-02-01T00:49:01,6,4,0,10
2023-02-01T00:58:35,6,4,0,10
2023-02-01T01:08:09,6,4,0,10
2023-02-01T01:17:44,6,4,0,10
2023-02-01T01:27:17,6,4,0,10
2023-02-01T01:36:50,6,4,0,10
2023-02-01T01:46:22,6,4,0,10
2023-02-01T01:55:54,6,4,0,10
2023-02-01T02:05:28,6,4,0,10
2023-02-01T02:15:03,6,4,0,10
2023-02-01T02:24:37,6,4,0,10
2023-02-01T02:34:11,6,4,0,10
2023-02-01T02:43:43,6,4,0,10
2023-02-01T02:53:16,6,4,0,10
2023-02-01T03:02:49,6,4,0,10
2023-02-01T03:12:22,6,4,0,10
2023-02-01T03:21:56,6,4,0,10
2023-02-01T03:31:32,6,4,0,10
2023-02-01T03:41:10,6,4,0,10
2023-02-01T03:50:46,6,4,0,10
2023-02-01T04:00:21,6,4,0,10
2023-02-01T04:09:57,6,4,0,10
2023-02-01T04:39:13,6,4,0,10
2023-02-01T04:48:48,6,4,0,10
2023-02-01T04:58:24,6,4,0,10
2023-02-01T05:07:58,6,4,0,10
2023-02-01T05:17:31,6,4,0,10
2023-02-01T05:27:05,6,4,0,10
2023-02-01T05:36:39,6,4,0,10
2023-02-01T05:46:12,6,4,0,10
2023-02-01T05:57:11,6,4,0,10
2023-02-01T06:06:47,6,4,0,10
2023-02-01T06:16:23,6,4,0,10
2023-02-01T06:25:59,6,4,0,10
2023-02-01T06:35:33,6,4,0,10
2023-02-01T06:45:06,6,4,0,10
2023-02-01T06:54:38,6,4,0,10
2023-02-01T07:04:12,6,4,0,10
2023-02-01T07:13:48,6,4,0,10
2023-02-01T07:23:25,6,4,0,10
2023-02-01T07:33:01,6,4,0,10
2023-02-01T07:42:37,6,4,0,10
2023-02-01T07:52:14,6,4,0,10
2023-02-01T08:01:49,6,4,0,10
2023-02-01T08:11:29,6,4,0,10
2023-02-01T08:21:05,6,4,0,10
2023-02-01T08:30:41,6,4,0,10
2023-02-01T08:40:15,6,4,0,10
2023-02-01T08:49:52,6,4,0,10
2023-02-01T08:59:28,6,4,0,10
2023-02-01T09:09:03,6,4,0,10
2023-02-01T09:18:39,6,4,0,10
2023-02-01T09:28:14,6,4,0,10
2023-02-01T09:37:50,6,4,0,10
2023-02-01T09:47:27,6,4,0,10
2023-02-01T09:57:02,6,4,0,10
2023-02-01T10:06:38,6,4,0,10
2023-02-01T10:16:16,6,4,0,10
2023-02-01T10:25:53,6,4,0,10
2023-02-01T10:35:37,6,4,0,10
2023-02-01T10:45:12,6,4,0,10
2023-02-01T10:54:48,6,4,0,10
2023-02-01T11:04:25,6,4,0,10
2023-02-01T11:14:02,6,4,0,10
2023-02-01T11:23:39,6,4,0,10
2023-02-01T11:33:15,6,4,0,10
2023-02-01T11:42:51,6,4,0,10
2023-02-01T11:52:28,6,4,0,10
2023-02-01T12:02:05,6,4,0,10
2023-02-01T12:11:40,6,4,0,10
2023-02-01T12:21:16,6,4,0,10
2023-02-01T12:30:52,6,4,0,10
2023-02-01T12:40:29,6,4,0,10
2023-02-01T12:50:06,6,4,0,10
2023-02-01T12:59:45,6,4,0,10
2023-02-01T13:09:32,6,4,0,10
2023-02-01T13:19:11,6,4,0,10
2023-02-01T13:28:51,6,4,0,10
2023-02-01T13:38:31,6,4,0,10
2023-02-01T13:48:10,6,4,0,10
2023-02-01T13:57:48,6,4,0,10
2023-02-01T14:07:26,6,4,0,10
2023-02-01T14:17:03,6,4,0,10
2023-02-01T14:26:41,6,4,0,10
2023-02-01T14:36:18,6,4,0,10
2023-02-01T14:45:55,6,4,0,10
2023-02-01T14:55:34,6,4,0,10
2023-02-01T15:05:23,6,4,0,10
2023-02-01T15:15:01,6,4,0,10
2023-02-01T15:24:38,6,4,0,10
2023-02-01T15:34:15,6,4,0,10
2023-02-01T15:43:53,6,4,0,10
2023-02-01T15:53:29,6,4,0,10
2023-02-01T16:03:06,6,4,0,10
2023-02-01T16:12:42,6,4,0,10
2023-02-01T16:22:18,6,4,0,10
2023-02-01T16:31:55,6,4,0,10
2023-02-01T16:41:31,6,4,0,10
2023-02-01T16:51:07,6,4,0,10
2023-02-01T17:00:43,6,4,0,10
2023-02-01T17:10:32,6,4,0,10
2023-02-01T17:20:08,6,4,0,10
2023-02-01T17:29:43,6,4,0,10
2023-02-01T17:39:19,6,4,0,10
2023-02-01T17:48:55,6,4,0,10
2023-02-01T17:58:30,6,4,0,10
2023-02-01T18:08:06,6,4,0,10
2023-02-01T18:17:41,6,4,0,10
2023-02-01T18:27:16,6,4,0,10
2023-02-01T18:36:51,6,4,0,10
2023-02-01T18:46:26,6,4,0,10
2023-02-01T18:56:00,6,4,0,10
2023-02-01T19:05:36,6,4,0,10
2023-02-01T19:15:12,6,4,0,10
2023-02-01T19:24:47,6,4,0,10
2023-02-01T19:34:23,6,4,0,10
2023-02-01T19:43:58,6,4,0,10
2023-02-01T19:53:33,6,4,0,10
2023-02-01T20:03:16,6,4,0,10
2023-02-01T20:12:50,6,4,0,10
2023-02-01T20:22:23,6,4,0,10
2023-02-01T20:31:55,6,4,0,10
2023-02-01T20:41:28,6,4,0,10
2023-02-01T20:51:02,6,4,0,10
2023-02-01T21:00:35,6,4,0,10
2023-02-01T21:10:08,6,4,0,10
2023-02-01T21:19:42,6,4,0,10
2023-02-01T21:29:15,6,4,0,10
2023-02-01T21:38:49,6,4,0,10
2023-02-01T21:48:23,6,4,0,10
2023-02-01T21:57:56,6,4,0,10
2023-02-01T22:07:29,6,4,0,10
2023-02-01T22:17:03,6,4,0,10
2023-02-01T22:26:38,6,4,0,10
2023-02-01T22:36:12,6,4,0,10
2023-02-01T22:45:45,6,4,0,10
2023-02-01T22:55:19,6,4,0,10
2023-02-01T23:04:53,6,4,0,10
2023-02-01T23:14:28,6,4,0,10
2023-02-01T23:24:02,6,4,0,10
2023-02-01T23:33:36,6,4,0,10
2023-02-01T23:43:11,6,4,0,10
2023-02-01T23:52:43,6,4,0,10
2023-02-02T00:02:16,6,4,0,10
2023-02-02T00:12:03,6,4,0,10
2023-02-02T00:21:39,6,4,0,10
2023-02-02T00:31:14,6,4,0,10
2023-02-02T00:40:48,6,4,0,10
2023-02-02T00:50:24,6,4,0,10
2023-02-02T01:00:00,6,4,0,10
2023-02-02T01:09:33,6,4,0,10
2023-02-02T01:19:07,6,4,0,10
2023-02-02T01:28:39,6,4,0,10
2023-02-02T01:38:13,6,4,0,10
2023-02-02T01:47:45,6,4,0,10
2023-02-02T01:57:18,6,4,0,10
2023-02-02T02:06:50,6,4,0,10
2023-02-02T02:16:25,6,4,0,10
2023-02-02T02:25:56,6,4,0,10
2023-02-02T02:35:28,6,4,0,10
2023-02-02T02:45:00,6,4,0,10
2023-02-02T02:54:32,6,4,0,10
2023-02-02T03:04:03,6,4,0,10
2023-02-02T03:13:34,6,4,0,10
2023-02-02T03:23:05,6,4,0,10
2023-02-02T03:32:36,6,4,0,10
2023-02-02T03:42:08,6,4,0,10
2023-02-02T03:51:38,6,4,0,10
2023-02-02T04:01:10,6,4,0,10
2023-02-02T04:26:34,6,4,0,10
2023-02-02T04:37:19,6,4,0,10
2023-02-02T04:47:11,6,4,0,10
2023-02-02T04:56:49,6,4,0,10
2023-02-02T05:06:24,6,4,0,10
2023-02-02T05:16:01,6,4,0,10
2023-02-02T05:25:35,6,4,0,10
2023-02-02T05:35:11,6,4,0,10
2023-02-02T05:44:46,6,4,0,10
2023-02-02T05:54:23,6,4,0,10
2023-02-02T06:04:00,6,4,0,10
2023-02-02T06:13:38,6,4,0,10
2023-02-02T06:23:14,6,4,0,10
2023-02-02T06:32:50,6,4,0,10
2023-02-02T06:42:26,6,4,0,10
2023-02-02T06:52:02,6,4,0,10
2023-02-02T07:01:38,6,4,0,10
2023-02-02T07:11:16,6,4,0,10
2023-02-02T07:20:54,6,4,0,10
2023-02-02T07:30:32,6,4,0,10
2023-02-02T07:40:10,6,4,0,10
2023-02-02T07:49:49,6,4,0,10
2023-02-02T07:59:27,6,4,0,10
2023-02-02T08:09:06,6,4,0,10
2023-02-02T08:18:49,6,4,0,10
2023-02-02T08:28:27,6,4,0,10
2023-02-02T08:38:18,6,4,0,10
2023-02-02T08:47:56,6,4,0,10
2023-02-02T08:57:34,6,4,0,10
2023-02-02T09:07:12,6,4,0,10
2023-02-02T09:16:50,6,4,0,10
2023-02-02T09:26:28,6,4,0,10
2023-02-02T09:36:06,6,4,0,10
2023-02-02T09:45:43,6,4,0,10
2023-02-02T09:55:21,6,4,0,10
2023-02-02T10:04:58,6,4,0,10
2023-02-02T10:14:34,6,4,0,10
2023-02-02T10:24:10,6,4,0,10
2023-02-02T10:33:47,6,4,0,10
2023-02-02T10:43:24,6,4,0,10
2023-02-02T10:53:18,6,4,0,10
2023-02-02T11:02:54,6,4,0,10
2023-02-02T11:12:30,6,4,0,10
2023-02-02T11:22:07,6,4,0,10
2023-02-02T11:31:45,6,4,0,10
2023-02-02T11:41:21,6,4,0,10
2023-02-02T11:50:58,6,4,0,10
2023-02-02T12:00:36,6,4,0,10
2023-02-02T12:10:11,6,4,0,10
2023-02-02T12:19:54,6,4,0,10
2023-02-02T12:29:30,6,4,0,10
2023-02-02T12:39:07,6,4,0,10
2023-02-02T12:48:45,6,4,0,10
2023-02-02T12:58:21,6,4,0,10
2023-02-02T13:07:56,6,4,0,10
2023-02-02T13:17:32,6,4,0,10
2023-02-02T13:27:15,6,4,0,10
2023-02-02T13:36:58,6,4,0,10
2023-02-02T13:46:52,6,4,0,10
2023-02-02T13:56:36,6,4,0,10
2023-02-02T14:06:19,6,4,0,10
2023-02-02T14:16:03,6,4,0,10
2023-02-02T14:25:46,6,4,0,10
2023-02-02T14:35:31,6,4,0,10
2023-02-02T14:45:14,6,4,0,10
2023-02-02T14:54:54,6,4,0,10
2023-02-02T15:04:34,6,4,0,10
2023-02-02T15:14:13,6,4,0,10
2023-02-02T15:24:01,6,4,0,10
2023-02-02T15:33:37,6,4,0,10
2023-02-02T15:43:13,6,4,0,10
2023-02-02T15:52:49,6,4,0,10
2023-02-02T16:02:24,6,4,0,10
2023-02-02T16:12:01,6,4,0,10
2023-02-02T16:21:36,6,4,0,10
2023-02-02T16:31:13,6,4,0,10
2023-02-02T16:40:49,6,4,0,10
2023-02-02T16:50:24,6,4,0,10
2023-02-02T16:59:59,6,4,0,10
2023-02-02T17:09:35,6,4,0,10
2023-02-02T17:19:11,6,4,0,10
2023-02-02T17:28:56,6,4,0,10
2023-02-02T17:38:32,6,4,0,10
2023-02-02T17:48:07,6,4,0,10
2023-02-02T17:57:42,6,4,0,10
2023-02-02T18:07:18,6,4,0,10
2023-02-02T18:16:53,6,4,0,10
2023-02-02T18:26:28,6,4,0,10
2023-02-02T18:36:02,6,4,0,10
2023-02-02T18:45:37,6,4,0,10
2023-02-02T18:55:11,6,4,0,10
2023-02-02T19:04:45,6,4,0,10
2023-02-02T19:14:19,6,4,0,10
2023-02-02T19:23:55,6,4,0,10
2023-02-02T19:33:30,6,4,0,10
2023-02-02T19:43:04,6,4,0,10
2023-02-02T19:52:38,6,4,0,10
2023-02-02T20:02:33,6,4,0,10
2023-02-02T20:12:08,6,4,0,10
2023-02-02T20:21:42,6,4,0,10
2023-02-02T20:31:17,6,4,0,10
2023-02-02T20:40:52,6,4,0,10
2023-02-02T20:50:26,6,4,0,10
2023-02-02T21:00:02,6,4,0,10
2023-02-02T21:09:37,6,4,0,10
2023-02-02T21:19:10,6,4,0,10
2023-02-02T21:28:45,6,4,0,10
2023-02-02T21:38:19,6,4,0,10
2023-02-02T21:47:53,6,4,0,10
2023-02-02T21:57:27,6,4,0,10
2023-02-02T22:07:01,6,4,0,10
2023-02-02T22:16:35,6,4,0,10
2023-02-02T22:26:09,6,4,0,10
2023-02-02T22:35:44,6,4,0,10
2023-02-02T22:45:18,6,4,0,10
2023-02-02T22:54:54,6,4,0,10
2023-02-02T23:04:42,6,4,0,10
2023-02-02T23:14:18,6,4,0,10
2023-02-02T23:23:53,6,4,0,10
2023-02-02T23:33:27,6,4,0,10
2023-02-02T23:43:01,6,4,0,10
2023-02-02T23:52:36,6,4,0,10
2023-02-03T00:02:11,6,4,0,10
2023-02-03T00:11:47,6,4,0,10
2023-02-03T00:21:26,6,4,0,10
2023-02-03T00:31:02,6,4,0,10
2023-02-03T00:40:39,6,4,0,10
2023-02-03T00:50:17,6,4,0,10
2023-02-03T00:59:53,6,4,0,10
2023-02-03T01:09:31,6,4,0,10
2023-02-03T01:19:08,6,4,0,10
2023-02-03T01:28:46,6,4,0,10
2023-02-03T01:38:23,6,4,0,10
2023-02-03T01:48:00,6,4,0,10
2023-02-03T01:57:36,6,4,0,10
2023-02-03T02:07:12,6,4,0,10
2023-02-03T02:16:49,6,4,0,10
2023-02-03T02:26:26,6,4,0,10
2023-02-03T02:36:01,6,4,0,10
2023-02-03T02:45:37,6,4,0,10
2023-02-03T02:55:12,6,4,0,10
2023-02-03T03:04:46,6,4,0,10
2023-02-03T03:14:20,6,4,0,10
2023-02-03T03:23:55,6,4,0,10
2023-02-03T03:33:31,6,4,0,10
2023-02-03T03:43:08,6,4,0,10
2023-02-03T03:52:44,6,4,0,10
2023-02-03T04:02:21,6,4,0,10
2023-02-03T04:28:09,6,4,0,10
2023-02-03T04:38:55,6,4,0,10
2023-02-03T04:48:50,6,4,0,10
2023-02-03T04:58:27,6,4,0,10
2023-02-03T05:08:03,6,4,0,10
2023-02-03T05:17:38,6,4,0,10
2023-02-03T05:27:11,6,4,0,10
2023-02-03T05:36:42,6,4,0,10
2023-02-03T05:46:15,6,4,0,10
2023-02-03T05:55:49,6,4,0,10
2023-02-03T06:05:25,6,4,0,10
2023-02-03T06:15:00,6,4,0,10
2023-02-03T06:24:35,6,4,0,10
2023-02-03T06:34:10,6,4,0,10
2023-02-03T06:43:44,6,4,0,10
2023-02-03T06:53:17,6,4,0,10
2023-02-03T07:02:50,6,4,0,10
2023-02-03T07:12:25,6,4,0,10
2023-02-03T07:21:59,6,4,0,10
2023-02-03T07:31:36,6,4,0,10
2023-02-03T07:41:14,6,4,0,10
2023-02-03T07:50:49,6,4,0,10
2023-02-03T08:00:25,6,4,0,10
2023-02-03T08:10:03,6,4,0,10
2023-02-03T08:19:39,6,4,0,10
2023-02-03T08:29:16,6,4,0,10
2023-02-03T08:38:54,6,4,0,10
2023-02-03T08:48:32,6,4,0,10
2023-02-03T08:58:09,6,4,0,10
2023-02-03T09:07:45,6,4,0,10
2023-02-03T09:17:22,6,4,0,10
2023-02-03T09:26:59,6,4,0,10
2023-02-03T09:36:36,6,4,0,10
2023-02-03T09:46:38,6,4,0,10
2023-02-03T09:56:13,6,4,0,10
2023-02-03T10:05:49,6,4,0,10
2023-02-03T10:15:25,6,4,0,10
2023-02-03T10:25:01,6,4,0,10
2023-02-03T10:34:38,6,4,0,10
2023-02-03T10:44:15,6,4,0,10
2023-02-03T10:53:52,6,4,0,10
2023-02-03T11:03:28,6,4,0,10
2023-02-03T11:13:04,6,4,0,10
2023-02-03T11:22:41,6,4,0,10
2023-02-03T11:32:17,6,4,0,10
2023-02-03T11:42:03,6,4,0,10
2023-02-03T11:51:39,6,4,0,10
2023-02-03T12:01:15,6,4,0,10
2023-02-03T12:10:50,6,4,0,10
2023-02-03T12:20:26,6,4,0,10
2023-02-03T12:30:01,6,4,0,10
2023-02-03T12:39:36,6,4,0,10
2023-02-03T12:49:12,6,4,0,10
2023-02-03T12:58:47,6,4,0,10
2023-02-03T13:08:23,6,4,0,10
2023-02-03T13:17:58,6,4,0,10
2023-02-03T13:27:34,6,4,0,10
2023-02-03T13:37:09,6,4,0,10
2023-02-03T13:46:44,6,4,0,10
2023-02-03T13:56:20,6,4,0,10
2023-02-03T14:06:07,6,4,0,10
2023-02-03T14:15:44,6,4,0,10
2023-02-03T14:25:19,6,4,0,10
2023-02-03T14:34:55,6,4,0,10
2023-02-03T14:44:31,6,4,0,10
2023-02-03T14:54:07,6,4,0,10
2023-02-03T15:03:43,6,4,0,10
2023-02-03T15:13:19,6,4,0,10
2023-02-03T15:22:55,6,4,0,10
2023-02-03T15:32:29,6,4,0,10
2023-02-03T15:42:05,6,4,0,10
2023-02-03T15:51:40,6,4,0,10
2023-02-03T16:01:16,6,4,0,10
2023-02-03T16:10:51,6,4,0,10
2023-02-03T16:20:33,6,4,0,10
2023-02-03T16:30:08,6,4,0,10
2023-02-03T16:39:43,6,4,0,10
2023-02-03T16:49:18,6,4,0,10
2023-02-03T16:58:54,6,4,0,10
2023-02-03T17:08:30,6,4,0,10
2023-02-03T17:18:05,6,4,0,10
2023-02-03T17:27:40,6,4,0,10
2023-02-03T17:37:15,6,4,0,10
2023-02-03T17:46:50,6,4,0,10
2023-02-03T17:56:25,6,4,0,10
2023-02-03T18:06:01,6,4,0,10
2023-02-03T18:15:35,6,4,0,10
2023-02-03T18:25:09,6,4,0,10
2023-02-03T18:34:43,6,4,0,10
2023-02-03T18:44:17,6,4,0,10
2023-02-03T18:53:53,6,4,0,10
2023-02-03T19:03:28,6,4,0,10
2023-02-03T19:13:02,6,4,0,10
2023-02-03T19:22:36,6,4,0,10
2023-02-03T19:32:09,6,4,0,10
2023-02-03T19:41:43,6,4,0,10
2023-02-03T19:51:17,6,4,0,10
2023-02-03T20:00:59,6,4,0,10
2023-02-03T20:10:33,6,4,0,10
2023-02-03T20:20:07,6,4,0,10
2023-02-03T20:29:40,6,4,0,10
2023-02-03T20:39:14,6,4,0,10
2023-02-03T20:48:47,6,4,0,10
2023-02-03T20:58:21,6,4,0,10
2023-02-03T21:07:54,6,4,0,10
2023-02-03T21:17:29,6,4,0,10
2023-02-03T21:27:02,6,4,0,10
2023-02-03T21:36:37,6,4,0,10
2023-02-03T21:46:11,6,4,0,10
2023-02-03T21:55:45,6,4,0,10
2023-02-03T22:05:19,6,4,0,10
2023-02-03T22:14:53,6,4,0,10
2023-02-03T22:24:26,6,4,0,10
2023-02-03T22:34:00,6,4,0,10
2023-02-03T22:43:34,6,4,0,10
2023-02-03T22:53:09,6,4,0,10
2023-02-03T23:02:45,6,4,0,10
2023-02-03T23:12:22,6,4,0,10
2023-02-03T23:21:57,6,4,0,10
2023-02-03T23:31:31,6,4,0,10
2023-02-03T23:41:06,6,4,0,10
2023-02-03T23:50:40,6,4,0,10
2023-02-04T00:00:24,6,4,0,10
2023-02-04T00:09:59,6,4,0,10
2023-02-04T00:19:38,6,4,0,10
2023-02-04T00:29:14,6,4,0,10
2023-02-04T00:38:51,6,4,0,10
2023-02-04T00:48:29,6,4,0,10
2023-02-04T00:58:07,6,4,0,10
2023-02-04T01:07:44,6,4,0,10
2023-02-04T01:17:20,6,4,0,10
2023-02-04T01:26:56,6,4,0,10
2023-02-04T01:36:32,6,4,0,10
2023-02-04T01:46:06,6,4,0,10
2023-02-04T01:55:39,6,4,0,10
2023-02-04T02:05:13,6,4,0,10
2023-02-04T02:14:48,6,4,0,10
2023-02-04T02:24:24,6,4,0,10
2023-02-04T02:33:59,6,4,0,10
2023-02-04T02:43:33,6,4,0,10
2023-02-04T02:53:06,6,4,0,10
2023-02-04T03:02:40,6,4,0,10
2023-02-04T03:12:13,6,4,0,10
2023-02-04T03:21:46,6,4,0,10
2023-02-04T03:31:20,6,4,0,10
2023-02-04T03:40:56,6,4,0,10
2023-02-04T03:50:32,6,4,0,10
2023-02-04T04:00:08,6,4,0,10
2023-02-04T04:23:47,6,4,0,10
2023-02-04T04:33:24,6,4,0,10
2023-02-04T04:44:33,6,4,0,10
2023-02-04T04:54:09,6,4,0,10
2023-02-04T05:03:43,6,4,0,10
2023-02-04T05:13:16,6,4,0,10
2023-02-04T05:22:49,6,4,0,10
2023-02-04T05:32:23,6,4,0,10
2023-02-04T05:41:57,6,4,0,10
2023-02-04T05:51:32,6,4,0,10
2023-02-04T06:01:09,6,4,0,10
2023-02-04T06:10:47,6,4,0,10
2023-02-04T06:20:24,6,4,0,10
2023-02-04T06:30:02,6,4,0,10
2023-02-04T06:40:09,6,4,0,10
2023-02-04T06:49:49,6,4,0,10
2023-02-04T06:59:29,6,4,0,10
2023-02-04T07:09:09,6,4,0,10
2023-02-04T07:18:49,6,4,0,10
2023-02-04T07:28:28,6,4,0,10
2023-02-04T07:38:07,6,4,0,10
2023-02-04T07:47:46,6,4,0,10
2023-02-04T07:57:25,6,4,0,10
2023-02-04T08:07:04,6,4,0,10
2023-02-04T08:16:43,6,4,0,10
2023-02-04T08:26:22,6,4,0,10
2023-02-04T08:36:01,6,4,0,10
2023-02-04T08:45:42,6,4,0,10
2023-02-04T08:55:19,6,4,0,10
2023-02-04T09:04:56,6,4,0,10
2023-02-04T09:14:33,6,4,0,10
2023-02-04T09:24:11,6,4,0,10
2023-02-04T09:33:49,6,4,0,10
2023-02-04T09:43:26,6,4,0,10
2023-02-04T09:53:04,6,4,0,10
2023-02-04T10:02:40,6,4,0,10
2023-02-04T10:12:18,6,4,0,10
2023-02-04T10:21:55,6,4,0,10
2023-02-04T10:31:33,6,4,0,10
2023-02-04T10:41:10,6,4,0,10
2023-02-04T10:50:48,6,4,0,10
2023-02-04T11:00:25,6,4,0,10
2023-02-04T11:10:01,6,4,0,10
2023-02-04T11:19:35,6,4,0,10
2023-02-04T11:29:09,6,4,0,10
2023-02-04T11:38:43,6,4,0,10
2023-02-04T11:48:20,6,4,0,10
2023-02-04T11:57:54,6,4,0,10
2023-02-04T12:07:27,6,4,0,10
2023-02-04T12:17:01,6,4,0,10
2023-02-04T12:26:35,6,4,0,10
2023-02-04T12:36:09,6,4,0,10
2023-02-04T12:45:42,6,4,0,10
2023-02-04T12:55:16,6,4,0,10
2023-02-04T13:04:50,6,4,0,10
2023-02-04T13:14:23,6,4,0,10
2023-02-04T13:23:56,6,4,0,10
2023-02-04T13:33:29,6,4,0,10
2023-02-04T13:43:03,6,4,0,10
2023-02-04T13:52:37,6,4,0,10
2023-02-04T14:02:26,6,4,0,10
2023-02-04T14:12:00,6,4,0,10
2023-02-04T14:21:34,6,4,0,10
2023-02-04T14:31:07,6,4,0,10
2023-02-04T14:40:41,6,4,0,10
2023-02-04T14:50:14,6,4,0,10
2023-02-04T14:59:46,6,4,0,10
2023-02-04T15:09:17,6,4,0,10
2023-02-04T15:18:49,6,4,0,10
2023-02-04T15:28:23,6,4,0,10
2023-02-04T15:37:56,6,4,0,10
2023-02-04T15:47:28,6,4,0,10
2023-02-04T15:57:00,6,4,0,10
2023-02-04T16:06:32,6,4,0,10
2023-02-04T16:16:04,6,4,0,10
2023-02-04T16:25:36,6,4,0,10
2023-02-04T16:35:07,6,4,0,10
2023-02-04T16:44:40,6,4,0,10
2023-02-04T16:54:12,6,4,0,10
2023-02-04T17:03:44,6,4,0,10
2023-02-04T17:13:16,6,4,0,10
2023-02-04T17:22:48,6,4,0,10
2023-02-04T17:32:20,6,4,0,10
2023-02-04T17:41:52,6,4,0,10
2023-02-04T17:51:24,6,4,0,10
2023-02-04T18:00:56,6,4,0,10
2023-02-04T18:10:28,6,4,0,10
2023-02-04T18:20:00,6,4,0,10
2023-02-04T18:29:31,6,4,0,10
2023-02-04T18:39:06,6,4,0,10
2023-02-04T18:48:37,6,4,0,10
2023-02-04T18:58:09,6,4,0,10
2023-02-04T19:07:41,6,4,0,10
2023-02-04T19:17:13,6,4,0,10
2023-02-04T19:26:46,6,4,0,10
2023-02-04T19:36:17,6,4,0,10
2023-02-04T19:45:49,6,4,0,10
2023-02-04T19:55:21,6,4,0,10
2023-02-04T20:04:53,6,4,0,10
2023-02-04T20:14:30,6,4,0,10
2023-02-04T20:24:02,6,4,0,10
2023-02-04T20:33:34,6,4,0,10
2023-02-04T20:43:06,6,4,0,10
2023-02-04T20:52:47,6,4,0,10
2023-02-04T21:02:19,6,4,0,10
2023-02-04T21:11:50,6,4,0,10
2023-02-04T21:21:22,6,4,0,10
2023-02-04T21:30:53,6,4,0,10
2023-02-04T21:46:05,6,4,0,10
2023-02-04T21:55:36,6,4,0,10
2023-02-04T22:05:07,6,4,0,10
2023-02-04T22:14:39,6,4,0,10
2023-02-04T22:24:11,6,4,0,10
2023-02-04T22:33:43,6,4,0,10
2023-02-04T22:43:14,6,4,0,10
2023-02-04T22:52:46,6,4,0,10
2023-02-04T23:02:18,6,4,0,10
2023-02-04T23:11:51,6,4,0,10
2023-02-04T23:21:23,6,4,0,10
2023-02-04T23:30:55,6,4,0,10
2023-02-04T23:40:27,6,4,0,10
2023-02-04T23:49:59,6,4,0,10
2023-02-04T23:59:30,6,4,0,10
2023-02-05T00:09:03,6,4,0,10
2023-02-05T00:18:39,6,4,0,10
2023-02-05T00:28:12,6,4,0,10
2023-02-05T00:37:46,6,4,0,10
2023-02-05T00:47:18,6,4,0,10
2023-02-05T00:56:50,6,4,0,10
2023-02-05T01:06:25,6,4,0,10
2023-02-05T01:16:02,6,4,0,10
2023-02-05T01:25:38,6,4,0,10
2023-02-05T01:35:14,6,4,0,10
2023-02-05T01:44:50,6,4,0,10
2023-02-05T01:54:25,6,4,0,10
2023-02-05T02:04:01,6,4,0,10
2023-02-05T02:13:39,6,4,0,10
2023-02-05T02:23:13,6,4,0,10
2023-02-05T02:32:47,6,4,0,10
2023-02-05T02:42:20,6,4,0,10
2023-02-05T02:51:53,6,4,0,10
2023-02-05T03:01:26,6,4,0,10
2023-02-05T03:10:59,6,4,0,10
2023-02-05T03:20:33,6,4,0,10
2023-02-05T03:30:06,6,4,0,10
2023-02-05T03:39:42,6,4,0,10
2023-02-05T03:49:17,6,4,0,10
2023-02-05T03:58:53,6,4,0,10
2023-02-05T04:21:22,6,4,0,10
2023-02-05T04:30:57,6,4,0,10
2023-02-05T04:40:32,6,4,0,10
2023-02-05T04:51:11,6,4,0,10
2023-02-05T05:01:00,6,4,0,10
2023-02-05T05:10:33,6,4,0,10
2023-02-05T05:20:05,6,4,0,10
2023-02-05T05:29:37,6,4,0,10
2023-02-05T05:39:09,6,4,0,10
2023-02-05T05:48:42,6,4,0,10
2023-02-05T05:58:17,6,4,0,10
2023-02-05T06:07:53,6,4,0,10
2023-02-05T06:17:30,6,4,0,10
2023-02-05T06:27:05,6,4,0,10
2023-02-05T06:36:39,6,4,0,10
2023-02-05T06:46:12,6,4,0,10
2023-02-05T06:55:45,6,4,0,10
2023-02-05T07:05:19,6,4,0,10
2023-02-05T07:14:53,6,4,0,10
2023-02-05T07:24:27,6,4,0,10
2023-02-05T07:34:02,6,4,0,10
2023-02-05T07:43:38,6,4,0,10
2023-02-05T07:53:14,6,4,0,10
2023-02-05T08:02:48,6,4,0,10
2023-02-05T08:12:22,6,4,0,10
2023-02-05T08:21:55,6,4,0,10
2023-02-05T08:31:30,6,4,0,10
2023-02-05T08:41:03,6,4,0,10
2023-02-05T08:50:36,6,4,0,10
2023-02-05T09:00:09,6,4,0,10
2023-02-05T09:09:43,6,4,0,10
2023-02-05T09:19:16,6,4,0,10
2023-02-05T09:28:51,6,4,0,10
2023-02-05T09:38:25,6,4,0,10
2023-02-05T09:48:00,6,4,0,10
2023-02-05T09:57:33,6,4,0,10
2023-02-05T10:07:07,6,4,0,10
2023-02-05T10:16:41,6,4,0,10
2023-02-05T10:26:15,6,4,0,10
2023-02-05T10:35:49,6,4,0,10
2023-02-05T10:45:22,6,4,0,10
2023-02-05T10:54:55,6,4,0,10
2023-02-05T11:04:28,6,4,0,10
2023-02-05T11:14:01,6,4,0,10
2023-02-05T11:23:36,6,4,0,10
2023-02-05T11:33:14,6,4,0,10
2023-02-05T11:42:48,6,4,0,10
2023-02-05T11:52:22,6,4,0,10
2023-02-05T12:01:55,6,4,0,10
2023-02-05T12:11:29,6,4,0,10
2023-02-05T12:21:02,6,4,0,10
2023-02-05T12:30:35,6,4,0,10
2023-02-05T12:40:09,6,4,0,10
2023-02-05T12:49:43,6,4,0,10
2023-02-05T12:59:16,6,4,0,10
2023-02-05T13:08:49,6,4,0,10
2023-02-05T13:18:23,6,4,0,10
2023-02-05T13:27:58,6,4,0,10
2023-02-05T13:37:31,6,4,0,10
2023-02-05T13:47:04,6,4,0,10
2023-02-05T13:56:37,6,4,0,10
2023-02-05T14:06:11,6,4,0,10
2023-02-05T14:15:45,6,4,0,10
2023-02-05T14:25:18,6,4,0,10
2023-02-05T14:34:52,6,4,0,10
2023-02-05T14:44:26,6,4,0,10
2023-02-05T14:53:59,6,4,0,10
2023-02-05T15:03:55,6,4,0,10
2023-02-05T15:13:29,6,4,0,10
2023-02-05T15:23:03,6,4,0,10
2023-02-05T15:32:37,6,4,0,10
2023-02-05T15:42:11,6,4,0,10
2023-02-05T15:51:46,6,4,0,10
2023-02-05T16:01:20,6,4,0,10
2023-02-05T16:10:55,6,4,0,10
2023-02-05T16:20:31,6,4,0,10
2023-02-05T16:30:05,6,4,0,10
2023-02-05T16:39:41,6,4,0,10
2023-02-05T16:49:15,6,4,0,10
2023-02-05T16:58:50,6,4,0,10
2023-02-05T17:08:24,6,4,0,10
2023-02-05T17:17:59,6,4,0,10
2023-02-05T17:27:33,6,4,0,10
2023-02-05T17:37:07,6,4,0,10
2023-02-05T17:46:40,6,4,0,10
2023-02-05T17:56:13,6,4,0,10
2023-02-05T18:05:48,6,4,0,10
2023-02-05T18:15:22,6,4,0,10
2023-02-05T18:24:56,6,4,0,10
2023-02-05T18:34:29,6,4,0,10
2023-02-05T18:44:02,6,4,0,10
2023-02-05T18:53:37,6,4,0,10
2023-02-05T19:03:12,6,4,0,10
2023-02-05T19:12:47,6,4,0,10
2023-02-05T19:22:21,6,4,0,10
2023-02-05T19:31:56,6,4,0,10
2023-02-05T19:41:30,6,4,0,10
2023-02-05T19:51:13,6,4,0,10
2023-02-05T20:00:47,6,4,0,10
2023-02-05T20:10:21,6,4,0,10
2023-02-05T20:19:54,6,4,0,10
2023-02-05T20:29:28,6,4,0,10
2023-02-05T20:39:01,6,4,0,10
2023-02-05T20:48:35,6,4,0,10
2023-02-05T20:58:08,6,4,0,10
2023-02-05T21:07:41,6,4,0,10
2023-02-05T21:17:15,6,4,0,10
2023-02-05T21:26:48,6,4,0,10
2023-02-05T21:36:21,6,4,0,10
2023-02-05T21:45:55,6,4,0,10
2023-02-05T21:55:29,6,4,0,10
2023-02-05T22:05:02,6,4,0,10
2023-02-05T22:14:36,6,4,0,10
2023-02-05T22:24:31,6,4,0,10
2023-02-05T22:34:05,6,4,0,10
2023-02-05T22:43:38,6,4,0,10
2023-02-05T22:53:12,6,4,0,10
2023-02-05T23:02:46,6,4,0,10
2023-02-05T23:12:20,6,4,0,10
2023-02-05T23:21:54,6,4,0,10
2023-02-05T23:31:28,6,4,0,10
2023-02-05T23:41:02,6,4,0,10
2023-02-05T23:50:36,6,4,0,10
2023-02-06T00:00:09,6,4,0,10
2023-02-06T00:09:43,6,4,0,10
2023-02-06T00:19:23,6,4,0,10
2023-02-06T00:29:01,6,4,0,10
2023-02-06T00:38:40,6,4,0,10
2023-02-06T00:48:25,6,4,0,10
2023-02-06T00:58:00,6,4,0,10
2023-02-06T01:07:40,6,4,0,10
2023-02-06T01:17:20,6,4,0,10
2023-02-06T01:26:58,6,4,0,10
2023-02-06T01:36:35,6,4,0,10
2023-02-06T01:46:12,6,4,0,10
2023-02-06T01:55:47,6,4,0,10
2023-02-06T02:05:23,6,4,0,10
2023-02-06T02:14:59,6,4,0,10
2023-02-06T02:24:34,6,4,0,10
2023-02-06T02:34:09,6,4,0,10
2023-02-06T02:43:44,6,4,0,10
2023-02-06T02:53:18,6,4,0,10
2023-02-06T03:02:51,6,4,0,10
2023-02-06T03:12:24,6,4,0,10
2023-02-06T03:21:55,6,4,0,10
2023-02-06T03:31:26,6,4,0,10
2023-02-06T03:40:58,6,4,0,10
2023-02-06T03:50:32,6,4,0,10
2023-02-06T04:00:06,6,4,0,10
2023-02-06T04:25:46,6,4,0,10
2023-02-06T04:36:40,6,4,0,10
2023-02-06T04:46:34,6,4,0,10
2023-02-06T04:56:09,6,4,0,10
2023-02-06T05:05:41,6,4,0,10
2023-02-06T05:15:12,6,4,0,10
2023-02-06T05:24:44,6,4,0,10
2023-02-06T05:34:16,6,4,0,10
2023-02-06T05:43:48,6,4,0,10
2023-02-06T05:53:20,6,4,0,10
2023-02-06T06:02:53,6,4,0,10
2023-02-06T06:12:26,6,4,0,10
2023-02-06T06:21:59,6,4,0,10
2023-02-06T06:31:31,6,4,0,10
2023-02-06T06:41:04,6,4,0,10
2023-02-06T06:50:37,6,4,0,10
2023-02-06T07:00:11,6,4,0,10
2023-02-06T07:09:47,6,4,0,10
2023-02-06T07:19:26,6,4,0,10
2023-02-06T07:29:04,6,4,0,10
2023-02-06T07:38:42,6,4,0,10
2023-02-06T07:48:21,6,4,0,10
2023-02-06T07:57:59,6,4,0,10
2023-02-06T08:07:37,6,4,0,10
2023-02-06T08:17:14,6,4,0,10
2023-02-06T08:26:51,6,4,0,10
2023-02-06T08:36:26,6,4,0,10
2023-02-06T08:46:01,6,4,0,10
2023-02-06T08:55:35,6,4,0,10
2023-02-06T09:05:11,6,4,0,10
2023-02-06T09:14:50,6,4,0,10
2023-02-06T09:24:24,6,4,0,10
2023-02-06T09:34:00,6,4,0,10
2023-02-06T09:43:44,6,4,0,10
2023-02-06T09:53:19,6,4,0,10
2023-02-06T10:03:03,6,4,0,10
2023-02-06T10:12:39,6,4,0,10
2023-02-06T10:22:14,6,4,0,10
2023-02-06T10:31:50,6,4,0,10
2023-02-06T10:41:26,6,4,0,10
2023-02-06T10:51:02,6,4,0,10
2023-02-06T11:00:38,6,4,0,10
2023-02-06T11:10:16,6,4,0,10
2023-02-06T11:19:52,6,4,0,10
2023-02-06T11:29:36,6,4,0,10
2023-02-06T11:39:11,6,4,0,10
2023-02-06T11:48:47,6,4,0,10
2023-02-06T11:58:22,6,4,0,10
2023-02-06T12:07:58,6,4,0,10
2023-02-06T12:17:32,6,4,0,10
2023-02-06T12:27:08,6,4,0,10
2023-02-06T12:36:43,6,4,0,10
2023-02-06T12:46:18,6,4,0,10
2023-02-06T12:55:53,6,4,0,10
2023-02-06T13:05:28,6,4,0,10
2023-02-06T13:15:16,6,4,0,10
2023-02-06T13:24:52,6,4,0,10
2023-02-06T13:34:28,6,4,0,10
2023-02-06T13:44:06,6,4,0,10
2023-02-06T13:53:42,6,4,0,10
2023-02-06T14:03:18,6,4,0,10
2023-02-06T14:12:54,6,4,0,10
2023-02-06T14:22:30,6,4,0,10
2023-02-06T14:32:05,6,4,0,10
2023-02-06T14:41:41,6,4,0,10
2023-02-06T14:51:17,6,4,0,10
2023-02-06T15:01:02,6,4,0,10
2023-02-06T15:10:39,6,4,0,10
2023-02-06T15:20:16,6,4,0,10
2023-02-06T15:29:52,6,4,0,10
2023-02-06T15:39:28,6,4,0,10
2023-02-06T15:49:03,6,4,0,10
2023-02-06T15:58:38,6,4,0,10
2023-02-06T16:08:14,6,4,0,10
2023-02-06T16:17:50,6,4,0,10
2023-02-06T16:27:26,6,4,0,10
2023-02-06T16:37:00,6,4,0,10
2023-02-06T16:46:35,6,4,0,10
2023-02-06T16:56:10,6,4,0,10
2023-02-06T17:05:57,6,4,0,10
2023-02-06T17:15:32,6,4,0,10
2023-02-06T17:25:07,6,4,0,10
2023-02-06T17:34:41,6,4,0,10
2023-02-06T17:44:16,6,4,0,10
2023-02-06T17:53:51,6,4,0,10
2023-02-06T18:03:26,6,4,0,10
2023-02-06T18:13:00,6,4,0,10
2023-02-06T18:22:35,6,4,0,10
2023-02-06T18:32:10,6,4,0,10
2023-02-06T18:41:45,6,4,0,10
2023-02-06T18:51:19,6,4,0,10
2023-02-06T19:01:03,6,4,0,10
2023-02-06T19:10:37,6,4,0,10
2023-02-06T19:20:11,6,4,0,10
2023-02-06T19:29:46,6,4,0,10
2023-02-06T19:39:21,6,4,0,10
2023-02-06T19:48:55,6,4,0,10
2023-02-06T19:58:29,6,4,0,10
2023-02-06T20:08:03,6,4,0,10
2023-02-06T20:17:37,6,4,0,10
2023-02-06T20:27:11,6,4,0,10
2023-02-06T20:36:55,6,4,0,10
2023-02-06T20:46:30,6,4,0,10
2023-02-06T20:56:04,6,4,0,10
2023-02-06T21:05:38,6,4,0,10
2023-02-06T21:15:12,6,4,0,10
2023-02-06T21:24:46,6,4,0,10
2023-02-06T21:34:20,6,4,0,10
2023-02-06T21:43:55,6,4,0,10
2023-02-06T21:53:29,6,4,0,10
2023-02-06T22:03:06,6,4,0,10
2023-02-06T22:12:50,6,4,0,10
2023-02-06T22:22:25,6,4,0,10
2023-02-06T22:31:59,6,4,0,10
2023-02-06T22:41:35,6,4,0,10
2023-02-06T22:51:09,6,4,0,10
2023-02-06T23:00:45,6,4,0,10
2023-02-06T23:10:21,6,4,0,10
